# domain type
RectangularDomain
# nodal coordinates: number of nodes followed by the coordinates
1681
0.0000000000000000 0.0000000000000000
0.0250000000000000 0.0000000000000000
0.0500000000000000 0.0000000000000000
0.0750000000000000 0.0000000000000000
0.1000000000000000 0.0000000000000000
0.1250000000000000 0.0000000000000000
0.1500000000000000 0.0000000000000000
0.1750000000000000 0.0000000000000000
0.2000000000000000 0.0000000000000000
0.2250000000000000 0.0000000000000000
0.2500000000000000 0.0000000000000000
0.2750000000000000 0.0000000000000000
0.3000000000000000 0.0000000000000000
0.3250000000000000 0.0000000000000000
0.3500000000000000 0.0000000000000000
0.3750000000000000 0.0000000000000000
0.4000000000000000 0.0000000000000000
0.4250000000000000 0.0000000000000000
0.4500000000000000 0.0000000000000000
0.4750000000000000 0.0000000000000000
0.5000000000000000 0.0000000000000000
0.5250000000000000 0.0000000000000000
0.5500000000000000 0.0000000000000000
0.5750000000000001 0.0000000000000000
0.6000000000000001 0.0000000000000000
0.6250000000000000 0.0000000000000000
0.6500000000000000 0.0000000000000000
0.6750000000000000 0.0000000000000000
0.7000000000000001 0.0000000000000000
0.7250000000000001 0.0000000000000000
0.7500000000000000 0.0000000000000000
0.7750000000000000 0.0000000000000000
0.8000000000000000 0.0000000000000000
0.8250000000000001 0.0000000000000000
0.8500000000000001 0.0000000000000000
0.8750000000000000 0.0000000000000000
0.9000000000000000 0.0000000000000000
0.9250000000000000 0.0000000000000000
0.9500000000000001 0.0000000000000000
0.9750000000000001 0.0000000000000000
1.0000000000000000 0.0000000000000000
0.0000000000000000 0.0250000000000000
0.0171319078401705 0.0148552015731095
0.0470988830963340 0.0256677787774318
0.0790570147544656 0.0149986538395585
0.1069563316495690 0.0345645587286049
0.1131756361309034 0.0212752126821911
0.1398422962337567 0.0155086568879524
0.1814287600420458 0.0145643914487654
0.2064303660544760 0.0264399421749514
0.2354129296599344 0.0218510053707104
0.2538030201418185 0.0263493337986224
0.2701867003403370 0.0235832541258997
0.3056765301469078 0.0365691341482418
0.3141067281803780 0.0260528416536408
0.3441442577201672 0.0232243531793905
0.3788387809674910 0.0153364034559923
0.4001913723903766 0.0201314191716847
0.4144313857452727 0.0174906976912223
0.4456693503386936 0.0208930023895487
0.4824481225862892 0.0261526633579870
0.5012013572684904 0.0165075644820083
0.5241893379374967 0.0195875663373905
0.5592221323239249 0.0266239820526093
0.5732252231134399 0.0332558233493378
0.6005381381774285 0.0310791161455092
0.6293014600756688 0.0174258671010441
0.6494242550389502 0.0293675251876394
0.6674731060758471 0.0316754616646588
0.6903090783527600 0.0325315812475270
0.7167736022805301 0.0218352256261181
0.7615893621118630 0.0293438856734922
0.7676011253610968 0.0316656557982108
0.7917946182491593 0.0330870342759610
0.8180751773573494 0.0249524145211564
0.8385506202950661 0.0351138369112600
0.8708418377877623 0.0264233477647932
0.9091928668643016 0.0157381158714729
0.9132463841775492 0.0321207596798992
0.9416432459070301 0.0171602201899283
0.9759719730055076 0.0352259578018945
1.0000000000000000 0.0250000000000000
0.0000000000000000 0.0500000000000000
0.0343253295926624 0.0396656035965245
0.0537085123234251 0.0417292843025927
0.0782688304719946 0.0597199311176553
0.1050831031695418 0.0545305424518529
0.1174917356161900 0.0511550572818270
0.1420559860157340 0.0559818000236134
0.1807734603328496 0.0433624995844640
0.1953050978719973 0.0535192947399535
0.2209763860513164 0.0442562036170695
0.2611440128889718 0.0580723116552723
0.2775869801854602 0.0609602333236509
0.2956676271472837 0.0517608885187037
0.3314880400791979 0.0434025513928380
0.3580786235593675 0.0385653994351069
0.3761326283752023 0.0521643177744796
0.3881816528730054 0.0543061259876648
0.4303513285894910 0.0489084191789660
0.4594296251525118 0.0523170394235797
0.4768022270044958 0.0383486812597000
0.4991844124381413 0.0486528233552181
0.5330174539044553 0.0540866768549734
0.5602121708196848 0.0471343260496764
0.5838086055712066 0.0505980070433136
0.6032727077793786 0.0459558771658646
0.6125130535341027 0.0379755459766963
0.6417039372378484 0.0422426302314040
0.6641882831019755 0.0434184306166565
0.7026158431511198 0.0376956174376174
0.7240313371210696 0.0462373091154985
0.7381746594026795 0.0533741843673563
0.7724790265391303 0.0596884405404178
0.8092620034741334 0.0405029104395530
0.8268625792999345 0.0472190717306425
0.8616102359154963 0.0403441222168562
0.8766676183606076 0.0581190139401351
0.8974262454674529 0.0558674568486550
0.9184914163395441 0.0478974287535492
0.9467756723981093 0.0624440450359792
0.9733932793681701 0.0578154277712848
1.0000000000000000 0.0500000000000000
0.0000000000000000 0.0750000000000000
0.0216910188443648 0.0850614898750148
0.0478683977211819 0.0737569097927215
0.0679936982919716 0.0777565290759687
0.1018958310071548 0.0748035428834721
0.1266902124054134 0.0668671551149489
0.1476410937333917 0.0869371851814942
0.1827834505802128 0.0803125456733467
0.1940914981424700 0.0776323131180309
0.2152311970918669 0.0629424194279098
0.2459297984509757 0.0792292751199174
0.2679956117127207 0.0790604033986989
0.3012065191273817 0.0722535707677446
0.3185168154217226 0.0689837983755347
0.3558669490951770 0.0643854776190100
0.3820566982910675 0.0843586353159343
0.3915549204230356 0.0690231943181618
0.4128805940757348 0.0696080483218345
0.4556178262171078 0.0695832564840215
0.4719986236466632 0.0701152512020499
0.4954983617479160 0.0783202523670658
0.5328071762856184 0.0794518204204269
0.5622255226927297 0.0731684904184157
0.5647974395873263 0.0736956243321041
0.6082597796636422 0.0805303994890245
0.6343240764451286 0.0816939963509552
0.6485750434680349 0.0809258991567461
0.6668387615074330 0.0731634102848784
0.7024412095766014 0.0710285879731767
0.7193342616923373 0.0851377859019855
0.7547712595276020 0.0844771903854843
0.7746058586701021 0.0665539827282442
0.8113980217883077 0.0703319995379799
0.8161057027159566 0.0707300722754944
0.8563264658735626 0.0872771235936666
0.8826699422059903 0.0720894667088310
0.8908799354985767 0.0860472635444006
0.9274262105607191 0.0747489915560608
0.9530069015068267 0.0648898575876891
0.9742077603526318 0.0786241669556654
1.0000000000000000 0.0750000000000000
0.0000000000000000 0.1000000000000000
0.0305375445283238 0.0988279620198754
0.0395701584042547 0.1053540245294907
0.0814577178521542 0.1024021963602971
0.1103621050727489 0.1059379441325417
0.1354132546285272 0.1091707248098210
0.1518685169946467 0.1046820278294846
0.1852221634078366 0.0980947654834248
0.1954146033258005 0.0948988142416434
0.2182742728666026 0.0979638378031151
0.2400378465541425 0.1095461200388322
0.2723033523184264 0.0939686487624446
0.3110149175785431 0.1046047140415284
0.3189077914628168 0.1098519895816809
0.3569057398825740 0.1031609048089339
0.3797771351608296 0.0943473892083792
0.3886456385905114 0.1117019342624005
0.4165257600667500 0.1016684859748013
0.4554153904592766 0.0900950285787626
0.4694958846995506 0.1038276202428097
0.5065177348451614 0.0980269126885227
0.5274035822192449 0.0987858425035759
0.5427567535493560 0.1066158306712283
0.5866765026812532 0.1111534268391111
0.6075444551371542 0.1076232116678935
0.6369091883335444 0.0973141847399536
0.6454858449423888 0.1066586713639404
0.6676854583969944 0.1042739701040188
0.6899662969241372 0.0876154555870528
0.7155606516423086 0.1121409464013504
0.7396058573989802 0.1091130448579625
0.7644802473000324 0.1000443017636161
0.7941556773766603 0.1015706890688835
0.8244101988822210 0.1050296147473244
0.8421269932137991 0.1089875140862808
0.8807747348031654 0.0985080517096023
0.9010561528724479 0.0944447588975121
0.9251088945228738 0.0962157914367072
0.9454912083733830 0.1030294217318458
0.9796304123811127 0.0943314632789327
1.0000000000000000 0.1000000000000000
0.0000000000000000 0.1250000000000000
0.0135623291141426 0.1133777866200181
0.0435699942722320 0.1186567726430376
0.0850886368707903 0.1342006676848416
0.0924746344307565 0.1367694930609464
0.1331652846720249 0.1277265549419066
0.1584628813922063 0.1330308453311908
0.1704159189176337 0.1238351721352419
0.2014423646654157 0.1370105594111670
0.2142921734421453 0.1229977408560390
0.2377895517803755 0.1240004475240518
0.2848796689506625 0.1343027905054251
0.2931819467284267 0.1200891752748476
0.3204609892382421 0.1259184855351570
0.3603124912605854 0.1214970862938321
0.3679281981755219 0.1201553096253276
0.4035782753454364 0.1209336541428196
0.4257343821098366 0.1234821647238861
0.4418355276921610 0.1277493371796501
0.4745752394868673 0.1235826341996974
0.4908278236331873 0.1273305809946194
0.5362815351804433 0.1236816966705264
0.5512995071633988 0.1232660454178767
0.5673734192860275 0.1262156286324138
0.6043290087912507 0.1154915534905200
0.6347297669678212 0.1273135123030400
0.6510893658846723 0.1278858276372119
0.6819134505968537 0.1296903414495187
0.6961709179726328 0.1347890893036121
0.7301424343288442 0.1330021280373940
0.7541970527042915 0.1150630026900029
0.7805597219433903 0.1211870009812926
0.8030040270773093 0.1130085640038356
0.8199007730337202 0.1279597281002779
0.8405033389929000 0.1351155803477369
0.8638804002061423 0.1196382091062763
0.9040250212100980 0.1274695035768422
0.9189073463844265 0.1299511632718192
0.9467011322324417 0.1314182619382352
0.9746056785466616 0.1177338775521880
1.0000000000000000 0.1250000000000000
0.0000000000000000 0.1500000000000000
0.0335596729580613 0.1382351804559846
0.0529888538256161 0.1483044589818695
0.0639487352306129 0.1385966364942550
0.0892786465130489 0.1442417284286137
0.1167155064290233 0.1424158902099390
0.1519278577724979 0.1601442665278067
0.1768567789532203 0.1463889304642166
0.2042285529946482 0.1518922625791716
0.2370754265415685 0.1594785107225361
0.2448270645169309 0.1375127094975574
0.2737614973246201 0.1503692647853760
0.3093666954722705 0.1592462137402644
0.3321959198686267 0.1600370315577973
0.3579845778061723 0.1613737223131607
0.3872549436934234 0.1414196665497373
0.4054624610212877 0.1567404233170634
0.4307727114117251 0.1437745383089514
0.4500524264258953 0.1451298701831877
0.4835876195221489 0.1484485988609557
0.5096846214743739 0.1514038540818261
0.5306297148790625 0.1564624564566472
0.5609649639427289 0.1500927778590029
0.5779338442610011 0.1427589074077578
0.6007224533746064 0.1524007656957265
0.6153980798334510 0.1487966805630853
0.6490349640325495 0.1377074069759512
0.6728869130367862 0.1417521464744619
0.7115971492301162 0.1470477190238257
0.7143426432950514 0.1607954890793242
0.7500087805538181 0.1471177939446236
0.7645675299049833 0.1497540136621316
0.8025251644347093 0.1514953271432658
0.8233078750549629 0.1403034761172193
0.8536859974687842 0.1476644858053127
0.8705195086151498 0.1385154854673229
0.8993255061951293 0.1401441071383872
0.9352597016199470 0.1418508629378939
0.9482146732099026 0.1379567806555894
0.9823876854660262 0.1455473480610051
1.0000000000000000 0.1500000000000000
0.0000000000000000 0.1750000000000000
0.0135708262939264 0.1753656087819290
0.0606036427609234 0.1861512470333348
0.0731197851230384 0.1860055114263211
0.1002847756549105 0.1730368734744140
0.1359882205207527 0.1775185557346606
0.1475369082810815 0.1757268935910417
0.1713095592456829 0.1705245811476700
0.2057432394141984 0.1825736550476136
0.2159322320325083 0.1753925872196974
0.2553037663796215 0.1771369365276723
0.2652381080203891 0.1675259930296780
0.3101911915320200 0.1873044926607667
0.3169106381518040 0.1831247565654480
0.3444206630204226 0.1788140588604553
0.3644417000550931 0.1682261444831519
0.3947217862204919 0.1718856770751673
0.4249028056634878 0.1713297583431805
0.4416407749725016 0.1722592577581067
0.4701299177722886 0.1768386116072441
0.5049953899696525 0.1774653286546377
0.5314213705148363 0.1836460137707482
0.5464421191353676 0.1819683567468224
0.5783928282625053 0.1741912516250272
0.6080192130894139 0.1632768750963177
0.6282749230822096 0.1822913504296663
0.6436194899580543 0.1629886287642407
0.6802384377113183 0.1774361401984220
0.6983213909525502 0.1634508835548669
0.7229726693105378 0.1715712194368694
0.7479216757977838 0.1700436518343147
0.7631452129049351 0.1825680264475672
0.8085798028113902 0.1793491428983395
0.8164262677751178 0.1650300361041953
0.8478704590380353 0.1708079558953874
0.8681166422010254 0.1723068258419474
0.8930409835421672 0.1857658099332750
0.9277603247769577 0.1681173786682790
0.9412579495273622 0.1804138953577735
0.9861878614340495 0.1674706909409376
1.0000000000000000 0.1750000000000000
0.0000000000000000 0.2000000000000000
0.0174929882777800 0.2089528415343196
0.0492300611747757 0.1930208192474497
0.0816305021656899 0.2036710357194482
0.1065679105057120 0.2010287792955017
0.1243281042372926 0.2020800133017303
0.1451012671674598 0.1950028037517927
0.1716053322371479 0.1888706471722650
0.1919569703759673 0.2017519647654183
0.2163786081355934 0.2072648728994766
0.2508790014593716 0.1934010730377011
0.2691414729076008 0.2112167028471907
0.3019222653708959 0.1961106706265522
0.3334107522553752 0.1958503195897222
0.3459845793874274 0.2029032849732007
0.3864335036016238 0.2030453465737445
0.3977347836770091 0.1959890508421850
0.4298063604492265 0.2090318840980464
0.4481315709785898 0.2043489457269302
0.4665932394830922 0.1942153233459517
0.4916659109136716 0.2024092834306598
0.5135895909747994 0.1891084656120850
0.5415735888617030 0.1882231192139372
0.5697085823504684 0.1907130870501038
0.6023136065549346 0.1913878150879138
0.6264764180868919 0.1885950961956031
0.6566304339834288 0.1992860227861834
0.6659485675391714 0.1971315112445900
0.6938473632645279 0.1959370975391230
0.7212182683808765 0.1908844496866612
0.7617666914311410 0.1993029328065338
0.7847203754052767 0.2050661426657845
0.8046484517831635 0.1901374834023936
0.8140249227138362 0.1921141211015313
0.8462993221236075 0.2016657733165352
0.8637999410166662 0.2110089594103659
0.9055303867844740 0.2030157541328484
0.9330157726179006 0.2097659697570553
0.9454385583887446 0.2035468867254500
0.9705357840295172 0.1888497763728985
1.0000000000000000 0.2000000000000000
0.0000000000000000 0.2250000000000000
0.0269559679343431 0.2146066118702733
0.0391497328942704 0.2342523447881568
0.0669701489950510 0.2371149140587111
0.0884227865178272 0.2238298570315258
0.1210785027256573 0.2218006660202474
0.1465367310432041 0.2366599040983393
0.1822766269393495 0.2197679574322364
0.1903057261435912 0.2277204251134709
0.2236927164615306 0.2217529153733895
0.2420448990273082 0.2349944614951127
0.2856778675225256 0.2352868135081320
0.2944269368826994 0.2242197676604391
0.3151402656161439 0.2245860447912182
0.3468163374389134 0.2369587546342423
0.3698915093879158 0.2192621738623838
0.4113111331721534 0.2287803797872485
0.4256106766550610 0.2284385179795314
0.4510893849787063 0.2196551104191716
0.4784992239478558 0.2261446907036651
0.5027456015467349 0.2284887776655264
0.5170321390697940 0.2192934538044292
0.5413406778076707 0.2248500136027363
0.5792827597081943 0.2212470493650556
0.5971168725717289 0.2280847230491816
0.6343993520837989 0.2257309188533261
0.6612140986608274 0.2185781132253845
0.6627203052917552 0.2324075281203594
0.6994171670396998 0.2310026429628901
0.7361011867648246 0.2170786206556538
0.7616981788395004 0.2168214419290921
0.7775895366109569 0.2269811079162877
0.8063243955183991 0.2297330246021838
0.8374660542803493 0.2374227325610634
0.8590060310225186 0.2187017623006229
0.8807821913689302 0.2128329989004929
0.8908831863404241 0.2270009907647325
0.9148710415477092 0.2155912249019375
0.9378268307509539 0.2354003426060953
0.9852110464281293 0.2147890407355456
1.0000000000000000 0.2250000000000000
0.0000000000000000 0.2500000000000000
0.0176948167610111 0.2385126893401774
0.0482794084781952 0.2507652339735448
0.0864244049585548 0.2582752492634324
0.0994716042299000 0.2567101403322869
0.1302003980009571 0.2517087207437820
0.1607798475220487 0.2545100066204876
0.1815942355751551 0.2595150938050674
0.1932721403152926 0.2525802120746596
0.2367002246059358 0.2471321645220715
0.2580470761528308 0.2535091271629480
0.2675412283971512 0.2389247965107324
0.3097795515431739 0.2467058406617878
0.3199324423262381 0.2586602405845150
0.3397357502869243 0.2424860335930297
0.3818930732333871 0.2557736317056659
0.4012164854911064 0.2564773750719972
0.4177971642900364 0.2429926044788973
0.4403898738681001 0.2444786082295767
0.4778402525351957 0.2431111339437366
0.5089936160182639 0.2559967451471890
0.5331047067931117 0.2534907255739386
0.5555281097213692 0.2438345694542950
0.5631290962999311 0.2606008159676466
0.5905704562665727 0.2428786893179244
0.6160775918054452 0.2614152382108262
0.6474505058431123 0.2410707822719448
0.6668197728763336 0.2456034595261807
0.6884501558270958 0.2489948990621620
0.7242769383417894 0.2451412359844390
0.7540003448379458 0.2413322260279867
0.7797131160587387 0.2451539207266943
0.8022782772989457 0.2447997276483987
0.8353132795920313 0.2559818162198920
0.8564553301603196 0.2462385169380484
0.8681948316976493 0.2506161425010551
0.9065030631627029 0.2475586370896580
0.9125051858888813 0.2408936328485729
0.9562423528409576 0.2422163346171249
0.9747511740736700 0.2471274108714986
1.0000000000000000 0.2500000000000000
0.0000000000000000 0.2750000000000000
0.0211064825210853 0.2866072080356453
0.0622024482624690 0.2790719338900280
0.0712721131260887 0.2692069403585333
0.1002775564019958 0.2718984977956578
0.1371128218590995 0.2628984068905212
0.1492283929826469 0.2711388573060733
0.1723174014828592 0.2762465575758526
0.1922871476028164 0.2686230725248229
0.2284397134431737 0.2862616855239485
0.2610823827732927 0.2744528581584680
0.2704071106897911 0.2841979261071609
0.3093375033667675 0.2841424173921607
0.3136635732528438 0.2739778979689631
0.3438538128914320 0.2671721796597310
0.3706742208748970 0.2755626950568285
0.3946238746675956 0.2660954426998428
0.4207871946436614 0.2841624035084672
0.4620346806318403 0.2706305883217929
0.4691432223578516 0.2767430538731461
0.5103296224783541 0.2767650665728549
0.5327802506839598 0.2874700400789990
0.5565767403971783 0.2635663679595219
0.5728245208229308 0.2771528375556660
0.6008761429171368 0.2671505768294767
0.6202093713699673 0.2630253633331240
0.6377930715185471 0.2642628881893596
0.6812762632490048 0.2756053593357617
0.7117432459145059 0.2700921384147218
0.7321898775929543 0.2739180013437538
0.7563482608223475 0.2729627186907967
0.7852032041682125 0.2774477845240739
0.8089090601235127 0.2657169483356745
0.8369300332339767 0.2768978795298530
0.8410656484791385 0.2853907382238713
0.8704775111111511 0.2770766311267145
0.9005148899099502 0.2650363124541200
0.9365780619429033 0.2738829389498189
0.9603894224030479 0.2742186509064536
0.9795982199778511 0.2855628129621145
1.0000000000000000 0.2750000000000000
0.0000000000000000 0.3000000000000000
0.0162717673532806 0.2891501688060613
0.0584454422951689 0.2926428864829024
0.0713063509215923 0.3012269073392264
0.0955216114783563 0.3026121196082852
0.1333207897521336 0.3098445913767834
0.1523095200739712 0.2920004694304515
0.1760318626587783 0.2959513812023588
0.2030651113791224 0.3070995271009652
0.2252607502705670 0.3076872400984482
0.2541037756330769 0.3081082742581085
0.2694318865085809 0.3097411629839413
0.3100351476822251 0.3089493187892018
0.3205066525447383 0.3115859245487888
0.3529173420343618 0.2970680191920888
0.3719070896833139 0.3065888766839773
0.4054623076220362 0.2942237292569065
0.4369611028199126 0.2985039823531873
0.4515372793940872 0.3015544955208433
0.4701561856466522 0.2888696628207885
0.5060679303807535 0.3050611153962221
0.5295895121566865 0.2950095753400737
0.5469934990980557 0.2974934463623093
0.5797715893383434 0.3059041489618302
0.5900388965704971 0.3017690364221294
0.6304183025376966 0.3091554875001395
0.6522621266640296 0.3124914634445466
0.6775231193318303 0.2975140437727147
0.6995070960519781 0.3110242361083879
0.7199369931961634 0.2885891360684883
0.7390580780231306 0.3113053176903734
0.7801204798992509 0.3048375805243406
0.8104211025811635 0.3009565540407967
0.8289733757772694 0.2989661516673074
0.8381977709571791 0.3117135016110221
0.8779962699276704 0.3071682402731198
0.8891322690521548 0.2920528291547221
0.9125595954454108 0.2997247961438489
0.9424844255213013 0.2940294189519734
0.9662346483499075 0.3088868273262872
1.0000000000000000 0.3000000000000000
0.0000000000000000 0.3250000000000000
0.0205316211285557 0.3185564967355416
0.0547196239488799 0.3242866716123447
0.0738247776928414 0.3300919798598057
0.1033140837863881 0.3128004499209592
0.1281897564986116 0.3325470399364256
0.1445410264198529 0.3132837667442226
0.1682428621299085 0.3287445496639724
0.1927398195508272 0.3137674022037551
0.2344229063113514 0.3323626457273080
0.2572763331501716 0.3148711610248884
0.2845626786962042 0.3214820519258519
0.3082937175377118 0.3325937769435761
0.3172699037176552 0.3187845282055951
0.3481126285074297 0.3242487073808746
0.3830719061375421 0.3167589153575604
0.4090559276870121 0.3165819304562571
0.4299795245482628 0.3140147571531636
0.4595740795123586 0.3171329577620354
0.4678941850442065 0.3198607035467233
0.5018785397073844 0.3345198185144678
0.5218686204955240 0.3239234456164037
0.5581848874588083 0.3352413315464194
0.5685308433729950 0.3126196004717562
0.6041417645094446 0.3225838223888688
0.6203680078896828 0.3147636361062651
0.6489780419309239 0.3323067344500985
0.6674869308549037 0.3348732807177208
0.6902490941692947 0.3292449439371495
0.7263864459281633 0.3353650542296839
0.7611505585207441 0.3369845491470003
0.7848609717316182 0.3226543098858933
0.8117402744084713 0.3186699866822786
0.8143457729354232 0.3300375138235190
0.8416148862388786 0.3166071662957285
0.8779265502716465 0.3367583062122474
0.8947772755274545 0.3189194857398873
0.9156621956016070 0.3357444631915865
0.9589584254924386 0.3265526435523745
0.9782378551836498 0.3219402141729688
1.0000000000000000 0.3250000000000000
0.0000000000000000 0.3500000000000000
0.0189216882968771 0.3526943245116458
0.0583587817625055 0.3474504514649591
0.0688826798231461 0.3577761246241864
0.1115565283440112 0.3403707997949382
0.1252578090495994 0.3540126646652311
0.1492166523358582 0.3543713579544860
0.1709497600410217 0.3520960352507551
0.2043108641481199 0.3457183907387065
0.2338371272346278 0.3577731956381847
0.2456152205665938 0.3507882950024001
0.2792796446310800 0.3461546994351057
0.3045630056212641 0.3545892750213427
0.3344953245503230 0.3493738708809348
0.3556232561044517 0.3562842760084508
0.3683269583016184 0.3391380431720433
0.4090349571064410 0.3477947653652627
0.4129774090988286 0.3553344902776435
0.4543786140342373 0.3563442971441340
0.4847666440118914 0.3527517335710879
0.5001233269049885 0.3448398193115610
0.5265240699153083 0.3553143183129365
0.5561184449339103 0.3410357367185198
0.5828357138964658 0.3429713682866309
0.5899502297823360 0.3449483387660082
0.6222282754404189 0.3400004300891785
0.6570179102954392 0.3543548434316445
0.6669639451468402 0.3414728417488645
0.7067574700532221 0.3596512839501203
0.7360664963114687 0.3467637378475131
0.7454630371450947 0.3475342868341691
0.7804318120938810 0.3586194594765125
0.7949989332617595 0.3571371938459003
0.8290478801537180 0.3410129973198303
0.8612535624663603 0.3488528447777293
0.8756919733728982 0.3541656828289054
0.8900072554370863 0.3608690048790077
0.9128115315793002 0.3394321642613324
0.9537404906896634 0.3505375625700578
0.9625612024392158 0.3495663966688577
1.0000000000000000 0.3500000000000000
0.0000000000000000 0.3750000000000000
0.0211130527455611 0.3832203328047110
0.0559257178864964 0.3711480225380804
0.0703306141658671 0.3829122211065683
0.0896678293090190 0.3675954031603697
0.1137092383805568 0.3644916990040859
0.1598592699167745 0.3722260335313450
0.1664517711827173 0.3666770795231196
0.2015338754353261 0.3666624851102756
0.2364336897272214 0.3716200520785030
0.2396966881440094 0.3848997106305155
0.2687717134224120 0.3729203567136281
0.3070609172644295 0.3812239538496066
0.3293541592809188 0.3738387640024233
0.3512090307387007 0.3818071793493363
0.3848027773728909 0.3829443123599736
0.4033460799886266 0.3673310113834724
0.4174794928262117 0.3650972162141849
0.4539321694719180 0.3781076964997603
0.4727273817398666 0.3760154988008418
0.5064106656829762 0.3678732479516498
0.5249585223313328 0.3684613453582588
0.5397233236650552 0.3700091558193560
0.5826050504743318 0.3626910256705018
0.6030636224482284 0.3691261018642497
0.6326641562015227 0.3686393854627937
0.6601012645848104 0.3688116584565424
0.6786373438899891 0.3767482634346042
0.7047269321636599 0.3817891919466065
0.7175955233375386 0.3702202166785464
0.7596492491371086 0.3675938662318539
0.7874835333103473 0.3804101145730405
0.7955023828619145 0.3735676829827518
0.8289880422308642 0.3840469899237479
0.8389207540086131 0.3794631732532503
0.8631038798972502 0.3736139115345061
0.9041022207163536 0.3873916231847800
0.9233934770100056 0.3767134486581414
0.9478149149968977 0.3838548576195120
0.9627372196212423 0.3818366384361040
1.0000000000000000 0.3750000000000000
0.0000000000000000 0.4000000000000000
0.0198488477995098 0.4117041788405645
0.0452696374214998 0.3937962101794073
0.0782878850877416 0.3968595359817578
0.1100321930336106 0.4059532204032321
0.1361830750579802 0.3940535476120751
0.1430299439543977 0.4019136770259316
0.1810889751942713 0.3971634815796781
0.1932786436892596 0.4083186613626320
0.2304533286029893 0.3990350830488665
0.2438613481574571 0.3940933136100840
0.2689991918003056 0.4066293271313024
0.2901769398678506 0.3949194193860928
0.3275279811904200 0.4021226653346738
0.3423887604096733 0.3878473939526008
0.3850226179394385 0.4002559049519139
0.3999054803555961 0.4002601415319162
0.4225618355795543 0.3903995816069045
0.4488361551729260 0.3984519961433506
0.4862415003315262 0.4067828103994945
0.5106477605784768 0.4026529143254576
0.5184397987802821 0.3980986024625861
0.5443704411244153 0.4067528480285626
0.5674434607558928 0.4018943322524174
0.5886474303382198 0.3989296721724113
0.6288434820833806 0.4020343646424322
0.6437872760651677 0.3989175141728723
0.6731940195396829 0.3949793817307191
0.6962000708195750 0.4108459968850419
0.7288673034446209 0.3888295833209602
0.7470537353215181 0.4107446619003260
0.7737297281255100 0.3907274452124079
0.7912330274352475 0.3985358627049279
0.8248050261161850 0.3910835880777078
0.8423383299051668 0.3974650311186798
0.8663424090554107 0.4022984126399523
0.8917976099212653 0.3998141155674206
0.9290538858685877 0.3944819143038187
0.9398667348188909 0.3964951437916945
0.9775498703394947 0.3950857827622090
1.0000000000000000 0.4000000000000000
0.0000000000000000 0.4250000000000000
0.0305769253759778 0.4363457152342212
0.0512364600374376 0.4354044655500767
0.0679943141212156 0.4354718557783554
0.1041160790009301 0.4205068012155666
0.1307720143400361 0.4269291096247799
0.1602294178553140 0.4308382127305233
0.1729437708868193 0.4239815165718898
0.1909504880324482 0.4127531961592125
0.2201209240138917 0.4250220996629353
0.2484534643679591 0.4328951475621119
0.2691260614575987 0.4132350368728347
0.2986065514320154 0.4328891583060587
0.3329815559936302 0.4311153314877988
0.3617502012432653 0.4241083952333191
0.3826688667382782 0.4151027106551858
0.3905737819153740 0.4286714546765262
0.4139067114701053 0.4237710478145025
0.4526044442844000 0.4275467280117167
0.4666452734735775 0.4371088826825869
0.5124151469258923 0.4319830777016744
0.5188084290589571 0.4213616373504670
0.5480986635919662 0.4172342973748016
0.5692784032987157 0.4250411604369113
0.5989973541910160 0.4297222590099000
0.6336070042411277 0.4170249854018290
0.6540466920868987 0.4166916584594869
0.6689382560753181 0.4185528962344804
0.7056142155034771 0.4304544940609784
0.7244952420447132 0.4136546743700519
0.7607680256857999 0.4340998152844978
0.7864436643666877 0.4148819504633419
0.7899556583988110 0.4270120573996704
0.8278921595529347 0.4201077268292808
0.8427594883719242 0.4175203741238921
0.8759495459056527 0.4168423319788392
0.9033459390962735 0.4318340070588908
0.9371586108334167 0.4281484951806044
0.9584265107139833 0.4233522352249586
0.9858839810136620 0.4188084604405409
1.0000000000000000 0.4250000000000000
0.0000000000000000 0.4500000000000000
0.0350717054691038 0.4419135542918177
0.0567755757820795 0.4396665659624583
0.0642653507257818 0.4431071830347900
0.1090861715661158 0.4444693125354565
0.1238032274696289 0.4389315753930766
0.1586585820602174 0.4554748674366532
0.1657514741910498 0.4558805243381093
0.1996394135873574 0.4403929744218261
0.2241049736062222 0.4513704208675989
0.2475697162415536 0.4550015752477553
0.2658267427062021 0.4603441367534126
0.3071992289366920 0.4605663297971831
0.3369866056335454 0.4394081096844898
0.3603230695024777 0.4424477139861049
0.3850227587579547 0.4613958607059335
0.4012639110857063 0.4384117428289143
0.4192903293851411 0.4480810425535497
0.4496158195197107 0.4460617364476022
0.4659072283736034 0.4605482736741892
0.5124674857824851 0.4577705082251317
0.5344195120418873 0.4498900534976809
0.5524039157903984 0.4377890183200064
0.5672752433200240 0.4535872766629739
0.6107191357018855 0.4579504883207745
0.6218769118038431 0.4440359894597338
0.6486856955493511 0.4385614220759495
0.6777717809107694 0.4517674378750041
0.6904983435068487 0.4513917410325192
0.7356601091047951 0.4573242012981731
0.7427777170085748 0.4601900385519043
0.7842256478408709 0.4416567762969233
0.8035467911802742 0.4502753120655129
0.8218023955552364 0.4512402961412019
0.8612608808605449 0.4554200341539764
0.8627199200032813 0.4494013087684098
0.8991292072600776 0.4552628783402609
0.9144328694901959 0.4488380087992682
0.9392095965755702 0.4429224529078842
0.9769899892191798 0.4422170644940494
1.0000000000000000 0.4500000000000000
0.0000000000000000 0.4750000000000000
0.0201292844256046 0.4795725129984785
0.0586905495257694 0.4668545755627613
0.0753302091899207 0.4766035352854771
0.1098309534598190 0.4711560662832860
0.1270563973920834 0.4629236883382536
0.1514978715249570 0.4743214314559837
0.1795481481129735 0.4845196364736453
0.1977993486172876 0.4836311912835989
0.2344016930600483 0.4752410676632996
0.2591469266792830 0.4821849616660290
0.2783390845920201 0.4782700298917496
0.2896549897305108 0.4698321195575768
0.3211575027747937 0.4641846606987859
0.3377713772574915 0.4858263435400563
0.3735676211048810 0.4681876233203094
0.4114425550521364 0.4631760416464842
0.4368535632229216 0.4763367255428796
0.4387271200433761 0.4694412871418126
0.4707739352479611 0.4749947168929725
0.5089378986294757 0.4807981000219156
0.5288184671819591 0.4851963078798724
0.5602500296253279 0.4794764741838060
0.5856689141377549 0.4727252136181288
0.6101752768282331 0.4759127688059440
0.6173721894823262 0.4858194335609206
0.6401791670170500 0.4785874095718249
0.6635913835624836 0.4731757158182379
0.6936021469773010 0.4724175906046163
0.7181243046504509 0.4646453044689057
0.7565532801998174 0.4814088021845804
0.7674882906275234 0.4645529977000341
0.8061009464749452 0.4642707682751901
0.8256595514475280 0.4637573411624117
0.8461635794005010 0.4752586163667882
0.8643640777592138 0.4690244534619519
0.9107907275638699 0.4853757313608269
0.9256528282561969 0.4750865670389952
0.9453578215755254 0.4758445178754315
0.9780098678557348 0.4795233044945804
1.0000000000000000 0.4750000000000000
0.0000000000000000 0.5000000000000000
0.0137444487790411 0.5116388479874273
0.0490414391184986 0.4875966320843279
0.0763304062642549 0.5048412631995861
0.1001456515840183 0.4930237069192181
0.1299636262821984 0.4949725311024769
0.1510643908578082 0.4906157100348954
0.1640042632413770 0.4963612031256869
0.2075034294285637 0.5023261290715273
0.2161750461164796 0.4906518148534567
0.2401264581139796 0.5107136796803239
0.2703742881834598 0.4975514591154028
0.2985552758311281 0.5046642752515852
0.3334121907868119 0.4894725686026951
0.3390150409528866 0.5120455616590827
0.3797014985625933 0.5080254380171416
0.4077698289219406 0.4958219924989981
0.4213424510662336 0.4994699261831895
0.4524980063659416 0.4917032165167547
0.4820501550312462 0.4982096068648978
0.5081276983666054 0.5090337757101852
0.5338037632991871 0.5075457574733400
0.5497147765295206 0.5109848408357940
0.5647453042317966 0.5076558515958347
0.6122666871993059 0.4896243522066053
0.6137302420873608 0.5000605747244460
0.6488399526752029 0.5038329562186262
0.6662569486445332 0.5055913670925444
0.6929183515648991 0.5096517340330393
0.7179362338072426 0.5051116450958781
0.7598794446835276 0.4910411809942811
0.7840674085388530 0.4998816920610638
0.8008310796447391 0.5061498037360764
0.8354125609552668 0.5055042769999947
0.8381786940747300 0.4937877522505730
0.8733142485957019 0.4882805584264273
0.9107915132966500 0.5022545875212374
0.9297757229695153 0.4887290610289773
0.9559920476083368 0.4982682957230745
0.9628487233318347 0.4945454773697568
1.0000000000000000 0.5000000000000000
0.0000000000000000 0.5250000000000000
0.0265313910085900 0.5279610385726748
0.0605456117811704 0.5264330432556139
0.0747872836154718 0.5247307108956972
0.0946240730399827 0.5149069859860921
0.1208415287103894 0.5240218383739286
0.1495486972909724 0.5139094343862903
0.1755134193762778 0.5215170759739973
0.1937823570446077 0.5168604046053461
0.2307426416926826 0.5322884660312172
0.2564378360265820 0.5361561401947822
0.2677659014089524 0.5283086770390530
0.3083449109274463 0.5219375685180027
0.3176335528652812 0.5230651450823338
0.3454040346563412 0.5179065879979196
0.3790261080438070 0.5322463590739113
0.3978390096330271 0.5206221895898722
0.4281921834805122 0.5140716333414610
0.4591415414567823 0.5359883307015043
0.4844452712269146 0.5207208441752837
0.4975278597408034 0.5149735523579319
0.5206932440635643 0.5267122204274528
0.5443578019113540 0.5235861062859503
0.5766908052116402 0.5187710067732998
0.5964314565216725 0.5374645235449399
0.6186213523824869 0.5189398732330764
0.6469299302335217 0.5175843828672901
0.6719419096211888 0.5227909578846616
0.6880359028710006 0.5162850831130112
0.7337038569421380 0.5163022369421555
0.7450450058455108 0.5191564466684180
0.7773760379970676 0.5331606959616321
0.8017195388180482 0.5199367497186914
0.8263248172666324 0.5228107184001172
0.8483039712565299 0.5300258959135701
0.8668875145045269 0.5135097680250529
0.9094154654422655 0.5264245851834441
0.9129501679781745 0.5246609224114356
0.9562807334277982 0.5295174602119777
0.9771704160357526 0.5350342440689272
1.0000000000000000 0.5250000000000000
0.0000000000000000 0.5500000000000000
0.0183620802962749 0.5426200024715735
0.0598336807454854 0.5384525479786237
0.0670593072919435 0.5426292145779137
0.0902269373917303 0.5541459236815627
0.1200473619954923 0.5458368021649354
0.1465572725481957 0.5385576515039605
0.1738820972368310 0.5463172129926719
0.1927509242513867 0.5545368938650252
0.2233755107315450 0.5464922043709310
0.2514569485733894 0.5621679199883187
0.2823493035123701 0.5603333363151117
0.2878016316261877 0.5582391994235779
0.3264991101059937 0.5560596565821891
0.3491465608029318 0.5403660137267216
0.3747461870058688 0.5398408919183697
0.4034744487701335 0.5469930393232230
0.4167616793868372 0.5412728630011386
0.4603938236921335 0.5584025420417573
0.4725103612969297 0.5611005960653053
0.4890155058528941 0.5569703886015231
0.5201399022578862 0.5560803859182464
0.5492660024379686 0.5417504391991702
0.5865203878338104 0.5388418752548629
0.6117403681876271 0.5572882444173670
0.6167217606072471 0.5585874538312450
0.6438531274614838 0.5593615942161295
0.6634132883548253 0.5603524326258188
0.7112338375582364 0.5508449541552342
0.7178786352226714 0.5557292124462171
0.7462367343886271 0.5495932358556468
0.7731204096883036 0.5473445516856804
0.8024417533003350 0.5579539980333579
0.8155591465396370 0.5507724869942746
0.8560972554734542 0.5403359051397114
0.8713413483638994 0.5530106628639928
0.8900265065758926 0.5536590249553586
0.9126852545381983 0.5511039074483688
0.9397299441945766 0.5403694989751398
0.9691360218708398 0.5465673427411630
1.0000000000000000 0.5500000000000000
0.0000000000000000 0.5750000000000001
0.0328281848861405 0.5752558901052943
0.0623841443966483 0.5681272383822125
0.0713920467451577 0.5780347654334933
0.0950313541916301 0.5825547543328519
0.1330466886399916 0.5842996400069957
0.1564823241129960 0.5705969424034063
0.1739028516500090 0.5694738344855048
0.1991483968157318 0.5852512330307356
0.2270742762089279 0.5823506121116940
0.2400702162256607 0.5825835452158092
0.2682016520725223 0.5823581369633811
0.3060551937356997 0.5775800170341715
0.3187013401533138 0.5817832629473625
0.3400248775273466 0.5718515593479877
0.3717769015336920 0.5849616527796923
0.3922212278724929 0.5870185630646465
0.4281866440025116 0.5726703856195378
0.4543945019926488 0.5799568305698839
0.4860914245364161 0.5836874840749383
0.5004332156150897 0.5780997221018812
0.5372560337528710 0.5741929232234778
0.5410310241482049 0.5677742769171513
0.5684081669084060 0.5735294862372611
0.6011258463749477 0.5843183491668718
0.6260672819862148 0.5720474875976406
0.6419401498310245 0.5868712374642875
0.6749875277099013 0.5744602580875487
0.7043586681262992 0.5717448718750063
0.7318047323795968 0.5794744195727763
0.7543402966227779 0.5709555950805375
0.7821388564896006 0.5745016936235892
0.7910937220963330 0.5728949693865851
0.8265645381074570 0.5688453765006289
0.8513299784304301 0.5671003186675949
0.8755856329779917 0.5647027546874821
0.9094955470111868 0.5732722243639073
0.9268489779776976 0.5821696305300523
0.9426352643958538 0.5643547548208281
0.9856539530815984 0.5844872958399506
1.0000000000000000 0.5750000000000001
0.0000000000000000 0.6000000000000001
0.0263603449822275 0.5963421747472185
0.0420674194836642 0.5907826323659123
0.0672104885429381 0.5991793602800137
0.1117364763423841 0.5938981434908135
0.1125229901309660 0.6082219733410893
0.1552733857081381 0.5957047958646448
0.1744376173555724 0.5876573843969788
0.2097073563951699 0.6090926862765427
0.2138016719676708 0.6104482198225569
0.2601657370811227 0.6048158275103021
0.2777932092238050 0.5987055367010694
0.3106501307605766 0.5953975983259499
0.3358953228152026 0.5933167622305857
0.3590532751896861 0.6070549601571970
0.3777286311818411 0.6111345846194086
0.4104031622929275 0.5881299583203778
0.4156861858838111 0.5891624597873224
0.4622079752217415 0.5990023726537594
0.4870094733308604 0.6016206113575763
0.4994054990758532 0.6058781851612853
0.5305152008686759 0.5888442461620019
0.5545541736568443 0.6011948136559255
0.5829039263883558 0.6000512796245264
0.6122838078030478 0.5943230099712870
0.6141954161238238 0.5916227941110163
0.6521392779768992 0.5942148133006766
0.6852458499457760 0.5898833380077469
0.7067425209055582 0.5980028756679678
0.7167609548900209 0.5919454451349757
0.7595608628844561 0.6088045646454600
0.7627703547590153 0.6002521209396652
0.8031605304330026 0.6069576363307901
0.8258022383548064 0.5909793162235533
0.8600415674563842 0.5910101636631183
0.8871286536058032 0.6085826538191510
0.8906241818408628 0.6037856255724028
0.9326687629892682 0.5916811438507418
0.9580290012306031 0.5995614712940884
0.9629600947770905 0.6000800144555214
1.0000000000000000 0.6000000000000001
0.0000000000000000 0.6250000000000000
0.0197658792285482 0.6186328329504410
0.0603891038622272 0.6275054337725275
0.0787318224105779 0.6140249609500028
0.0999994391102450 0.6255019464713485
0.1366849794867368 0.6234700051822585
0.1451214875112066 0.6358001807882497
0.1820330841900092 0.6348550431687443
0.1955336923799953 0.6251205745227585
0.2348572643354570 0.6339489719524001
0.2510985583289065 0.6349582651593811
0.2817761686994225 0.6214514844900203
0.3024402916825960 0.6129291199651512
0.3207199453660866 0.6196196871303540
0.3579464731027392 0.6364545034006761
0.3749679271699196 0.6267069707028938
0.3962162616896162 0.6317190545958912
0.4207883931409657 0.6323305885516224
0.4601156826843045 0.6338371285889443
0.4666944631179296 0.6220652457136479
0.5107910694882293 0.6265918230629974
0.5148389183372499 0.6276828856006472
0.5436943007487515 0.6347534573562329
0.5745538599941488 0.6126439247338987
0.6036470883485854 0.6179888513475994
0.6151144120914412 0.6229370368832993
0.6429656499931009 0.6283178521217158
0.6653902765372536 0.6265252583298603
0.6974210919890027 0.6225030226041786
0.7232329287379531 0.6232042590942788
0.7620058834067795 0.6133927067425110
0.7701281697203229 0.6272144543153059
0.8070251470572042 0.6244441889243625
0.8258371996904629 0.6250473878219323
0.8618092747959707 0.6150210891435909
0.8757108030867538 0.6239252076288686
0.9114519748772808 0.6339415070152902
0.9193340725098760 0.6242563576523557
0.9468248670897673 0.6146704413524774
0.9869396586389962 0.6361542112757622
1.0000000000000000 0.6250000000000000
0.0000000000000000 0.6500000000000000
0.0305993730750355 0.6455074330786581
0.0560032399287336 0.6424982879943923
0.0656014297126754 0.6487460914275395
0.0898819440483159 0.6472533337894361
0.1154533374887047 0.6457706173866402
0.1561302460850749 0.6568989992293945
0.1847575633869202 0.6609102157256224
0.2077572398495605 0.6501248543752445
0.2333384889780895 0.6469760339016173
0.2376152568086227 0.6541976791636875
0.2753879906900455 0.6587038618720934
0.3024454003694379 0.6469832013200105
0.3214484792891537 0.6520237926593779
0.3598264585362448 0.6470889128728579
0.3625609912621953 0.6422099354751170
0.4024127214218853 0.6594494870436968
0.4211537351984354 0.6606987112194838
0.4467214698246261 0.6410169897142803
0.4744967646172315 0.6409032944266597
0.5081536740658750 0.6618473222961274
0.5368786191538782 0.6457140800856885
0.5597564407851524 0.6557529084073900
0.5661287079227332 0.6384399015072008
0.6015835839591178 0.6515861304406934
0.6229313298409552 0.6411268515257511
0.6438783035939583 0.6401933202942224
0.6679569346770708 0.6587883744264148
0.7012893029904022 0.6616144134829303
0.7303495431875155 0.6450216610174698
0.7382406774496671 0.6594034873213295
0.7866305814975063 0.6551792111007867
0.8016644321628060 0.6439674002925362
0.8253142336396140 0.6567632806312996
0.8400016124868457 0.6493973497595660
0.8860077241903548 0.6460492423592979
0.9105851791280896 0.6439868352674779
0.9167729815625169 0.6497031392165437
0.9459007936540299 0.6527701794251847
0.9839781550599540 0.6401631422064954
1.0000000000000000 0.6500000000000000
0.0000000000000000 0.6750000000000000
0.0211225499006540 0.6834347066201343
0.0517146543134114 0.6647338101392619
0.0719381228499693 0.6728238823867146
0.0970583402602886 0.6660139423588447
0.1327391683205011 0.6782770863484027
0.1458041818246571 0.6663901960868199
0.1773855001035594 0.6762906771983377
0.2088097944505828 0.6861256463273453
0.2231572558789701 0.6861980527428533
0.2550663296028020 0.6859488694670093
0.2679517008353000 0.6849848419409396
0.3086407548630182 0.6779663698888883
0.3277309479448957 0.6670964974281169
0.3390084747459733 0.6786386067258168
0.3753587082525496 0.6651388061108152
0.4057890294650680 0.6810538457471850
0.4273318271227660 0.6708267116698126
0.4381444592190322 0.6732290393131954
0.4850575520459640 0.6647986949203308
0.4886330431479888 0.6767350870035146
0.5165707341155736 0.6632125090422185
0.5493840663650923 0.6631837230755626
0.5705264747755743 0.6774124652798911
0.6112696704910879 0.6862592024620153
0.6366283574988018 0.6653644976128800
0.6564349153430082 0.6842600756040615
0.6720046018184783 0.6809844080151395
0.6996546291240432 0.6773067459556841
0.7175935514179607 0.6764602735962195
0.7508147493306385 0.6710826499173882
0.7674639565555617 0.6788374502359231
0.8107387591917897 0.6663166640900705
0.8353611941897736 0.6858154171597773
0.8594950121838217 0.6830551477044431
0.8652591174155240 0.6847591848471197
0.9010868718170251 0.6707937671171118
0.9237009538436364 0.6821678776496026
0.9439998104645962 0.6670591285072818
0.9758544981720989 0.6734785815466615
1.0000000000000000 0.6750000000000000
0.0000000000000000 0.7000000000000001
0.0345250579610406 0.7000408987004465
0.0579538242924287 0.7059049270869503
0.0823064426816743 0.7049688417430128
0.0923627643867579 0.6980819621096329
0.1259818515684897 0.6879590512257313
0.1538884397174740 0.6929870086817161
0.1783545955790457 0.6934123839787797
0.1912321831427748 0.6984860118161279
0.2142199653847938 0.6942834579580432
0.2550439007028059 0.7113412183775456
0.2801483416560343 0.7065656745073606
0.3084716507037660 0.6935471892168146
0.3295643034086038 0.6921365056774837
0.3522342727485122 0.6878912645753887
0.3840613351308234 0.7027498771388679
0.4042083690314343 0.7086941496784264
0.4141568585113518 0.6922262491940434
0.4375787446356263 0.6986614606626117
0.4847995826465811 0.6995750810475765
0.4884610356724084 0.6934396378999252
0.5360766778641188 0.7012419046816637
0.5447397828680458 0.7047035013713118
0.5641255228455487 0.7005128863591881
0.6102224956146738 0.6976490742138970
0.6273067297161005 0.7115904492388042
0.6568733029468022 0.7037496520249810
0.6763585947140107 0.6914000122131266
0.7097988490846111 0.7010031092764423
0.7263446097077195 0.7008584397908723
0.7552453608341784 0.6936365840070927
0.7854171013794032 0.6997223407264286
0.7955029941360524 0.7090837119525356
0.8152902266298856 0.7066708078582585
0.8448473101372848 0.6917160060903238
0.8765556721445471 0.7054942477598170
0.8950188481099218 0.6982160696902311
0.9228044843419319 0.7089309193662966
0.9474913801705878 0.7103750733874324
0.9751385913154151 0.7108053627878547
1.0000000000000000 0.7000000000000001
0.0000000000000000 0.7250000000000001
0.0135064010370980 0.7289903568333468
0.0588615254903821 0.7340982860322834
0.0757269162870602 0.7317377959947111
0.1079269382646272 0.7315016997357822
0.1335898761943359 0.7161119298538523
0.1456166983563250 0.7373321171420382
0.1718025905096458 0.7182004903611440
0.1892597783310834 0.7200833199861194
0.2190539586550602 0.7359148874826796
0.2498642964385574 0.7184643528327472
0.2742281935743018 0.7352125317165148
0.2907222219521153 0.7287305813778527
0.3177731621265261 0.7161934027414040
0.3388605202741184 0.7205838830391617
0.3643160943750469 0.7145626541895972
0.4037998085070972 0.7344585386423069
0.4253862932041253 0.7185812697483622
0.4496135386289919 0.7292329483502434
0.4839210994479106 0.7235157356899250
0.5123162834724289 0.7204990339884966
0.5229382424565928 0.7203340546375925
0.5552135718088068 0.7162410665656346
0.5817052097084221 0.7275927437872557
0.6064728986207746 0.7164657724506965
0.6188463014315569 0.7336292807312225
0.6553228846713456 0.7143127998205144
0.6825948770317187 0.7299037094305588
0.7012279311581043 0.7237214916048896
0.7305240203181347 0.7206156170395852
0.7485470487160257 0.7268051851112887
0.7783291648036929 0.7190130123778129
0.7910399452855329 0.7325041468833232
0.8159601060003909 0.7197066226748021
0.8616291544858069 0.7185540322403517
0.8628688421887200 0.7222810323166400
0.8967826664511390 0.7155559018727488
0.9361944118043712 0.7204173021173517
0.9394410499727487 0.7361600546170861
0.9650588364406578 0.7302858672779685
1.0000000000000000 0.7250000000000001
0.0000000000000000 0.7500000000000000
0.0228683062255056 0.7569047015127216
0.0407676948089978 0.7480073853158608
0.0663922801826153 0.7576308927608237
0.0903372016730975 0.7617831461883974
0.1213808865782478 0.7530931947430292
0.1474457378104551 0.7528307201369754
0.1641786607430295 0.7381814786499247
0.1979302258706040 0.7421150697130645
0.2159889859240442 0.7391398720259696
0.2467232500196602 0.7602527087305977
0.2773671145029852 0.7598788438221061
0.2953616072813116 0.7551462841558038
0.3248590845607061 0.7466084652784656
0.3377924434421679 0.7433292153195852
0.3696606497101421 0.7470415654094515
0.3903961735562585 0.7601430402483963
0.4270738136564309 0.7382053501752677
0.4517499550401651 0.7502048436599064
0.4873855094013170 0.7433329500344628
0.4948512311437779 0.7463717803348154
0.5195141811851001 0.7462489812018652
0.5397088143998037 0.7465180963180984
0.5698730631221803 0.7485360241359863
0.5910696808977349 0.7384096949762161
0.6339022917831283 0.7473510236669063
0.6612171560795801 0.7476833311198403
0.6754176358066429 0.7540546989032244
0.6923648920748001 0.7449787481803485
0.7149083868409116 0.7397868525287906
0.7558201485681449 0.7436565981466735
0.7743814959014501 0.7423869780635317
0.7973165019558948 0.7489238754086402
0.8156796751739287 0.7390499498270092
0.8385721955499710 0.7539282371250788
0.8811562698270389 0.7591846318287909
0.8959412065092991 0.7406146597031300
0.9222860130397018 0.7570086016304710
0.9493243761830659 0.7595286680845064
0.9807738296311622 0.7476451456142409
1.0000000000000000 0.7500000000000000
0.0000000000000000 0.7750000000000000
0.0187183235173587 0.7811226221135184
0.0487534949540917 0.7838761300444068
0.0818519554756900 0.7832322988213035
0.1002524652871944 0.7833018213579436
0.1327269076190924 0.7767936751755153
0.1396002188967144 0.7874712235717723
0.1826992912643056 0.7840281449292711
0.1905246523850706 0.7627772095980103
0.2128900421939757 0.7660265295829034
0.2604784394217421 0.7680689865862764
0.2846929009460993 0.7678893027314022
0.2992342674035779 0.7666894153428704
0.3137276396155466 0.7764008961245298
0.3540825183902132 0.7709404534900129
0.3789178027439664 0.7640993168327558
0.3892489843473128 0.7775245007741362
0.4128006324692293 0.7658963117742199
0.4607240729021762 0.7653065196116822
0.4662822693385430 0.7645794682436565
0.4986922538873068 0.7820472817554180
0.5193271362271837 0.7781538083540005
0.5561157425513890 0.7852833539991929
0.5685842324776409 0.7626129735361186
0.6002775053459850 0.7819922474857842
0.6311379788987158 0.7793961448748544
0.6584275274945567 0.7665398557581743
0.6675378542619613 0.7628128106202662
0.6906941124019601 0.7861951961892775
0.7188200763967323 0.7809872123229114
0.7400405918748593 0.7692888991510554
0.7670772205237617 0.7827632129578640
0.8084418826991875 0.7873586732968288
0.8340077680363126 0.7776524963787249
0.8465439072643824 0.7789248547007419
0.8738748777195394 0.7668049017132270
0.9008120745290443 0.7839665992915834
0.9273430014424664 0.7717523013809380
0.9529964252439750 0.7671791866746223
0.9756030243985924 0.7782922240481650
1.0000000000000000 0.7750000000000000
0.0000000000000000 0.8000000000000000
0.0248510737083714 0.7950230819335828
0.0411742220569527 0.7969486217128734
0.0818083925545862 0.8016075328974026
0.0880329837589710 0.7946826382080272
0.1254494484742036 0.8094847096675710
0.1509387710189418 0.8018912740046157
0.1700933415729252 0.8101544993306284
0.2124869406160764 0.7908640352246744
0.2178610252683743 0.7996655645353107
0.2398716313944107 0.7991557012058250
0.2802107420523268 0.7974116640312279
0.2975627452031855 0.8041172167323689
0.3359995295055131 0.7908312525750171
0.3563958678302431 0.8051123187292101
0.3843806489834877 0.7942353659623573
0.4113149634492713 0.8039406624209815
0.4277779056021893 0.8011314542990222
0.4608841602237283 0.8015953761067138
0.4628257931304086 0.7998716724550294
0.4931908446596739 0.8067992919099888
0.5229604479196783 0.8095970371805150
0.5415436103115694 0.7978820345184170
0.5634392148908343 0.7991233223685961
0.6068447839789679 0.7990803048871794
0.6274552270538251 0.8023406669649719
0.6583109767447183 0.7999449846147633
0.6835238111319402 0.8065780054193487
0.7070079672148664 0.8010089497472159
0.7202590539981474 0.8092042333631122
0.7523292466336378 0.7890421039936576
0.7844076635783910 0.7919750880252245
0.7932128713208648 0.7933803110936165
0.8129859292571238 0.7963801493503656
0.8570882150954365 0.7928449843242364
0.8665748432244293 0.7916662838241395
0.9107966385691854 0.7946439398270032
0.9236173093818637 0.8093105234490435
0.9563976021107078 0.7903894335226607
0.9711097227375876 0.7890449898548935
1.0000000000000000 0.8000000000000000
0.0000000000000000 0.8250000000000001
0.0152274186866050 0.8135177143698640
0.0537261904776932 0.8246687615033237
0.0797224428337397 0.8144155089474190
0.0999882093961289 0.8257227906364516
0.1227623128826235 0.8318453080061832
0.1509770908492759 0.8182460067847849
0.1743648899035166 0.8242413945401785
0.1971858382629000 0.8127512448572793
0.2330599384873534 0.8275352625816040
0.2597711446989385 0.8168547785536101
0.2633894333196025 0.8266878751507410
0.3050193744166724 0.8261851864607670
0.3217202816432747 0.8286231587030288
0.3454955407192375 0.8243038292395302
0.3713380641893547 0.8166712003582677
0.3941008460279959 0.8176329460666549
0.4313328200590480 0.8178894226743957
0.4418342623345277 0.8276366328941742
0.4807144593895621 0.8349812372019692
0.5032283820256649 0.8152267794743577
0.5360586409696282 0.8130058694006004
0.5387972816150995 0.8359742767701873
0.5634032467507072 0.8346093530204686
0.5934472572697214 0.8288108212387811
0.6278452215359772 0.8222549544040512
0.6375167630243570 0.8286148212183030
0.6699440841833028 0.8281132084325614
0.6885366600967748 0.8177488660755141
0.7344124791920050 0.8327274286688878
0.7561143136265549 0.8241709189847795
0.7715525594997141 0.8370970049529447
0.8019732661909530 0.8360796704756592
0.8150897555136517 0.8254442398640801
0.8444227510113633 0.8305290273803136
0.8824071141426520 0.8238895575187807
0.9048003492954253 0.8207209007072110
0.9332700417086097 0.8374750145470813
0.9446838301310213 0.8280462890479465
0.9719893703554002 0.8304289977096420
1.0000000000000000 0.8250000000000001
0.0000000000000000 0.8500000000000001
0.0238196117509049 0.8590343889292831
0.0524547991562015 0.8606008327077290
0.0767448152167604 0.8578795919968967
0.1110095283105090 0.8454507023962735
0.1278845218907647 0.8479253404313083
0.1544382048203305 0.8428815176309815
0.1659715047151667 0.8503786666611975
0.1993079982665389 0.8505119153697446
0.2341517187253007 0.8617277612813763
0.2540475570299457 0.8551506736743379
0.2701311951345515 0.8435475181177637
0.3019338586694885 0.8535098420506942
0.3125749182098338 0.8568957125254220
0.3522101621648117 0.8474340445490902
0.3775429442945306 0.8437544447659842
0.3988773525438832 0.8453444134253991
0.4154290598604237 0.8396572079676746
0.4471631279573685 0.8420339816229448
0.4748037792292616 0.8478597718574531
0.4910905773067935 0.8524391612546640
0.5303794068284846 0.8476256425297601
0.5478839674161223 0.8553722978585341
0.5862137926692449 0.8548912763590858
0.6009692060152126 0.8465169059450162
0.6333277319333439 0.8577976981701189
0.6613230572612792 0.8571584853719801
0.6631573774331254 0.8381923611077886
0.7012031347739376 0.8541642953384784
0.7338566975125929 0.8478739096182822
0.7386311282405907 0.8558063115889977
0.7651011343090067 0.8496156235720006
0.7978563251191444 0.8581461188891493
0.8371476731202745 0.8469279913891302
0.8479392142823881 0.8519748554657931
0.8656264319614413 0.8594749978457584
0.8961894791144435 0.8492237790413726
0.9270459382200720 0.8502878580280889
0.9562770097251018 0.8561786563690182
0.9823704687016754 0.8515216479601554
1.0000000000000000 0.8500000000000001
0.0000000000000000 0.8750000000000000
0.0337676498610236 0.8810622936469066
0.0565020961611586 0.8844170266291209
0.0648779757830027 0.8630062905410979
0.1114392215624815 0.8857138633849839
0.1312048469381922 0.8802389833930755
0.1507160711572347 0.8866059316682721
0.1776635909696184 0.8707142215081494
0.1924663098619512 0.8818039266073490
0.2140214573482613 0.8799673483853402
0.2438421643074080 0.8872415845414151
0.2766839418463225 0.8711125490049115
0.2985420200032676 0.8689363658574515
0.3211887231757846 0.8723752339522935
0.3437369986019067 0.8729116706434510
0.3666194872380467 0.8794384900659435
0.3901591826016600 0.8861302052520067
0.4235428769094431 0.8725282974313449
0.4403441240234349 0.8642222093128195
0.4684278226022315 0.8854259337722364
0.5045495220625816 0.8722841142341252
0.5134459742247185 0.8828555434147856
0.5418066956637935 0.8827253389825651
0.5729952041714322 0.8742258886915429
0.5895665989783290 0.8834606856527417
0.6351342782534458 0.8794203431809684
0.6525540218974324 0.8791582954904926
0.6714075487644650 0.8659975280786459
0.7110226171829981 0.8689773674276603
0.7356659577479884 0.8669418444453674
0.7562478844852603 0.8643081819940163
0.7738869515413439 0.8723389447937868
0.7942847334858423 0.8741427237514743
0.8317226159222217 0.8743141509305842
0.8601982823311409 0.8868993168748313
0.8660912307865684 0.8650055995259418
0.8946223242059423 0.8748797344244230
0.9335032789211883 0.8708290355694061
0.9433189101368267 0.8862534528738190
0.9868187445084797 0.8655953916009913
1.0000000000000000 0.8750000000000000
0.0000000000000000 0.9000000000000000
0.0164820686004084 0.9061429455257117
0.0579023052929396 0.9065011868583774
0.0765282506718474 0.9097220194139850
0.0994587539383929 0.9100817493554784
0.1220727278901694 0.9058679772547493
0.1581031396079118 0.8944560491652225
0.1689685514136449 0.8994986883152404
0.2000476427200903 0.8899786877866999
0.2301116541381161 0.9041765929540957
0.2612888165186694 0.8958020969606594
0.2847561237319237 0.8891560037903667
0.3018916304093578 0.9017661052855949
0.3278188642129216 0.9089453210177374
0.3487051871266009 0.8979107345310572
0.3736934595785411 0.8880217716891528
0.4049084655070746 0.9113452110917113
0.4337780819915613 0.8900071628866065
0.4577303837997719 0.9060354437145307
0.4709600951729322 0.8995755246323447
0.4897451193326380 0.8897725453049780
0.5326740046005743 0.9039588973838715
0.5514367509449279 0.9026647123408106
0.5649697976836715 0.8989862393707440
0.5946091148958133 0.8980565280951898
0.6182600767681916 0.9066470499385251
0.6567599367007951 0.8890969955624484
0.6774529150497979 0.8967017300505636
0.6998301368986125 0.9075018646715162
0.7194274256682884 0.8893535490495629
0.7607854412861136 0.9050149903359784
0.7684890945539955 0.8911163282030775
0.8061733928062147 0.8895735812928603
0.8193752009660691 0.8973146052213766
0.8502213548997160 0.9055433244962030
0.8820533719015883 0.9105755228766277
0.9003000160373693 0.9000540422742500
0.9370519907737187 0.9095081160870190
0.9453677858097773 0.8969930469462249
0.9722476938431387 0.9074101904928146
1.0000000000000000 0.9000000000000000
0.0000000000000000 0.9250000000000000
0.0171428793482796 0.9314118757818753
0.0520683232728908 0.9362586392418565
0.0810483826021983 0.9272820038471863
0.0920462861535094 0.9170613226980179
0.1168905933327791 0.9129334150069512
0.1506628501758670 0.9336819699890443
0.1788071832180619 0.9337500686542080
0.1981334695217453 0.9163705453736491
0.2258232953242787 0.9212950398383462
0.2474133004042308 0.9243474383551110
0.2828134798394579 0.9308455290273091
0.3093781810320047 0.9368891495987407
0.3368716253572449 0.9269721936558690
0.3497045020010381 0.9354351818250326
0.3737672866745425 0.9292394097598350
0.4076130809091550 0.9194958549370869
0.4262401604836972 0.9323581915134009
0.4400533578789925 0.9226659534903473
0.4832237995618638 0.9140360533917040
0.4977101397773140 0.9291857148166113
0.5141775526045480 0.9277333115845602
0.5418356505239309 0.9205782226640395
0.5767004847285830 0.9239333253140916
0.6016675255697721 0.9153939304342227
0.6189908632593935 0.9201795396542068
0.6454202803825004 0.9134471551069284
0.6628690840146293 0.9235130648503181
0.7018201612224678 0.9332827430321933
0.7251840350384555 0.9211279275387584
0.7477104116460909 0.9324175213660917
0.7779282887917059 0.9353837702845694
0.7935451367571147 0.9153242316942998
0.8227908388551188 0.9266641289991736
0.8540060708962235 0.9303162597621232
0.8756446209879531 0.9166243133566335
0.8891006111668893 0.9277679579300869
0.9136968672780502 0.9131036507266952
0.9438328842507819 0.9130686087913583
0.9745020793802400 0.9361543924462470
1.0000000000000000 0.9250000000000000
0.0000000000000000 0.9500000000000001
0.0142684094203193 0.9537504058503798
0.0399320972521180 0.9388803202569589
0.0726275981497847 0.9559447063054789
0.0944390101908290 0.9587533639380509
0.1192437801933101 0.9539030748971254
0.1539718848237723 0.9473152696557914
0.1728476983192135 0.9559463670568049
0.1940339927001150 0.9478503241043381
0.2368692954626741 0.9414448346895167
0.2442572637944193 0.9448186628671146
0.2675542434947101 0.9503099056141520
0.3052453683717319 0.9545619854275194
0.3328974927643122 0.9443556183132638
0.3445107466285128 0.9375960972175783
0.3720132111205555 0.9534840857249450
0.3944561681625176 0.9405550232212119
0.4150087252372730 0.9434353615156694
0.4499039979538288 0.9471797602791111
0.4727379205714358 0.9514841329809791
0.4911734092697520 0.9514400526739709
0.5306695823000009 0.9587013230038289
0.5573099241405005 0.9545473818462434
0.5696896298552621 0.9620831321764942
0.6026737061155772 0.9580256211843068
0.6168980446658405 0.9418005612715129
0.6515506705591800 0.9389915836394774
0.6641602021039448 0.9444914198499814
0.6937076352286329 0.9532912289592801
0.7152469130509579 0.9490368606382745
0.7466029200278278 0.9425407435542436
0.7691531675304683 0.9542002666843893
0.8107800457224071 0.9579117951118040
0.8313956776623245 0.9517759911555499
0.8582274191187631 0.9525184171429644
0.8757651624489541 0.9521557515187626
0.9095713708568106 0.9564894111507191
0.9367271365332899 0.9501529539061642
0.9529021621834847 0.9559948599421570
0.9659453142220781 0.9514266333486533
1.0000000000000000 0.9500000000000001
0.0000000000000000 0.9750000000000001
0.0325851187392198 0.9812229035505993
0.0502283976882980 0.9752686840399997
0.0724289227654479 0.9697196054891580
0.0960098686772923 0.9745351264372366
0.1228982666680387 0.9848057746189065
0.1577063686134551 0.9690393290005765
0.1863886476930441 0.9686266683192206
0.2063316368503506 0.9708395945670134
0.2235241863752826 0.9661475012681640
0.2429655737050181 0.9803005756096458
0.2682760433985283 0.9775998313695532
0.2961577466508382 0.9635766018982330
0.3282409328371201 0.9664609978132950
0.3536366423760770 0.9632185296204150
0.3685872614124514 0.9771524812827453
0.3979391758878147 0.9857328916153338
0.4154378423149926 0.9803762445493795
0.4420144439442031 0.9742027707626769
0.4639520267422180 0.9711021544935715
0.4898911130445514 0.9866705148511969
0.5275722789314137 0.9781319383262190
0.5591547253660969 0.9707134277630494
0.5674769779485539 0.9839372668769053
0.5966666604919970 0.9718999861421915
0.6301658016497902 0.9797657689394313
0.6623541418856908 0.9722423242482532
0.6753990370796915 0.9715242226829693
0.6889545551190029 0.9870706864772322
0.7304448708860445 0.9631010620530009
0.7499574736908945 0.9712296966012716
0.7665062616281340 0.9782069172995862
0.7940731836353353 0.9700821286837571
0.8372455636119557 0.9722794637738911
0.8450587607885527 0.9824080890717747
0.8749313434037500 0.9843640010000088
0.8953772876342714 0.9665186596235101
0.9159319467965293 0.9814280958426723
0.9405632615996470 0.9673476004122339
0.9737997710666086 0.9733284792052691
1.0000000000000000 0.9750000000000001
0.0000000000000000 1.0000000000000000
0.0250000000000000 1.0000000000000000
0.0500000000000000 1.0000000000000000
0.0750000000000000 1.0000000000000000
0.1000000000000000 1.0000000000000000
0.1250000000000000 1.0000000000000000
0.1500000000000000 1.0000000000000000
0.1750000000000000 1.0000000000000000
0.2000000000000000 1.0000000000000000
0.2250000000000000 1.0000000000000000
0.2500000000000000 1.0000000000000000
0.2750000000000000 1.0000000000000000
0.3000000000000000 1.0000000000000000
0.3250000000000000 1.0000000000000000
0.3500000000000000 1.0000000000000000
0.3750000000000000 1.0000000000000000
0.4000000000000000 1.0000000000000000
0.4250000000000000 1.0000000000000000
0.4500000000000000 1.0000000000000000
0.4750000000000000 1.0000000000000000
0.5000000000000000 1.0000000000000000
0.5250000000000000 1.0000000000000000
0.5500000000000000 1.0000000000000000
0.5750000000000001 1.0000000000000000
0.6000000000000001 1.0000000000000000
0.6250000000000000 1.0000000000000000
0.6500000000000000 1.0000000000000000
0.6750000000000000 1.0000000000000000
0.7000000000000001 1.0000000000000000
0.7250000000000001 1.0000000000000000
0.7500000000000000 1.0000000000000000
0.7750000000000000 1.0000000000000000
0.8000000000000000 1.0000000000000000
0.8250000000000001 1.0000000000000000
0.8500000000000001 1.0000000000000000
0.8750000000000000 1.0000000000000000
0.9000000000000000 1.0000000000000000
0.9250000000000000 1.0000000000000000
0.9500000000000001 1.0000000000000000
0.9750000000000001 1.0000000000000000
1.0000000000000000 1.0000000000000000
# element connectivity: number of elements followed by the connectivity (each line: nodes_per_element(nel) node1 node 2 ... node_nel)
1600
4 1 2 43 42 
4 2 3 44 43 
4 3 4 45 44 
4 4 5 46 45 
4 5 6 47 46 
4 6 7 48 47 
4 7 8 49 48 
4 8 9 50 49 
4 9 10 51 50 
4 10 11 52 51 
4 11 12 53 52 
4 12 13 54 53 
4 13 14 55 54 
4 14 15 56 55 
4 15 16 57 56 
4 16 17 58 57 
4 17 18 59 58 
4 18 19 60 59 
4 19 20 61 60 
4 20 21 62 61 
4 21 22 63 62 
4 22 23 64 63 
4 23 24 65 64 
4 24 25 66 65 
4 25 26 67 66 
4 26 27 68 67 
4 27 28 69 68 
4 28 29 70 69 
4 29 30 71 70 
4 30 31 72 71 
4 31 32 73 72 
4 32 33 74 73 
4 33 34 75 74 
4 34 35 76 75 
4 35 36 77 76 
4 36 37 78 77 
4 37 38 79 78 
4 38 39 80 79 
4 39 40 81 80 
4 40 41 82 81 
4 42 43 84 83 
4 43 44 85 84 
4 44 45 86 85 
4 45 46 87 86 
4 46 47 88 87 
4 47 48 89 88 
4 48 49 90 89 
4 49 50 91 90 
4 50 51 92 91 
4 51 52 93 92 
4 52 53 94 93 
4 53 54 95 94 
4 54 55 96 95 
4 55 56 97 96 
4 56 57 98 97 
4 57 58 99 98 
4 58 59 100 99 
4 59 60 101 100 
4 60 61 102 101 
4 61 62 103 102 
4 62 63 104 103 
4 63 64 105 104 
4 64 65 106 105 
4 65 66 107 106 
4 66 67 108 107 
4 67 68 109 108 
4 68 69 110 109 
4 69 70 111 110 
4 70 71 112 111 
4 71 72 113 112 
4 72 73 114 113 
4 73 74 115 114 
4 74 75 116 115 
4 75 76 117 116 
4 76 77 118 117 
4 77 78 119 118 
4 78 79 120 119 
4 79 80 121 120 
4 80 81 122 121 
4 81 82 123 122 
4 83 84 125 124 
4 84 85 126 125 
4 85 86 127 126 
4 86 87 128 127 
4 87 88 129 128 
4 88 89 130 129 
4 89 90 131 130 
4 90 91 132 131 
4 91 92 133 132 
4 92 93 134 133 
4 93 94 135 134 
4 94 95 136 135 
4 95 96 137 136 
4 96 97 138 137 
4 97 98 139 138 
4 98 99 140 139 
4 99 100 141 140 
4 100 101 142 141 
4 101 102 143 142 
4 102 103 144 143 
4 103 104 145 144 
4 104 105 146 145 
4 105 106 147 146 
4 106 107 148 147 
4 107 108 149 148 
4 108 109 150 149 
4 109 110 151 150 
4 110 111 152 151 
4 111 112 153 152 
4 112 113 154 153 
4 113 114 155 154 
4 114 115 156 155 
4 115 116 157 156 
4 116 117 158 157 
4 117 118 159 158 
4 118 119 160 159 
4 119 120 161 160 
4 120 121 162 161 
4 121 122 163 162 
4 122 123 164 163 
4 124 125 166 165 
4 125 126 167 166 
4 126 127 168 167 
4 127 128 169 168 
4 128 129 170 169 
4 129 130 171 170 
4 130 131 172 171 
4 131 132 173 172 
4 132 133 174 173 
4 133 134 175 174 
4 134 135 176 175 
4 135 136 177 176 
4 136 137 178 177 
4 137 138 179 178 
4 138 139 180 179 
4 139 140 181 180 
4 140 141 182 181 
4 141 142 183 182 
4 142 143 184 183 
4 143 144 185 184 
4 144 145 186 185 
4 145 146 187 186 
4 146 147 188 187 
4 147 148 189 188 
4 148 149 190 189 
4 149 150 191 190 
4 150 151 192 191 
4 151 152 193 192 
4 152 153 194 193 
4 153 154 195 194 
4 154 155 196 195 
4 155 156 197 196 
4 156 157 198 197 
4 157 158 199 198 
4 158 159 200 199 
4 159 160 201 200 
4 160 161 202 201 
4 161 162 203 202 
4 162 163 204 203 
4 163 164 205 204 
4 165 166 207 206 
4 166 167 208 207 
4 167 168 209 208 
4 168 169 210 209 
4 169 170 211 210 
4 170 171 212 211 
4 171 172 213 212 
4 172 173 214 213 
4 173 174 215 214 
4 174 175 216 215 
4 175 176 217 216 
4 176 177 218 217 
4 177 178 219 218 
4 178 179 220 219 
4 179 180 221 220 
4 180 181 222 221 
4 181 182 223 222 
4 182 183 224 223 
4 183 184 225 224 
4 184 185 226 225 
4 185 186 227 226 
4 186 187 228 227 
4 187 188 229 228 
4 188 189 230 229 
4 189 190 231 230 
4 190 191 232 231 
4 191 192 233 232 
4 192 193 234 233 
4 193 194 235 234 
4 194 195 236 235 
4 195 196 237 236 
4 196 197 238 237 
4 197 198 239 238 
4 198 199 240 239 
4 199 200 241 240 
4 200 201 242 241 
4 201 202 243 242 
4 202 203 244 243 
4 203 204 245 244 
4 204 205 246 245 
4 206 207 248 247 
4 207 208 249 248 
4 208 209 250 249 
4 209 210 251 250 
4 210 211 252 251 
4 211 212 253 252 
4 212 213 254 253 
4 213 214 255 254 
4 214 215 256 255 
4 215 216 257 256 
4 216 217 258 257 
4 217 218 259 258 
4 218 219 260 259 
4 219 220 261 260 
4 220 221 262 261 
4 221 222 263 262 
4 222 223 264 263 
4 223 224 265 264 
4 224 225 266 265 
4 225 226 267 266 
4 226 227 268 267 
4 227 228 269 268 
4 228 229 270 269 
4 229 230 271 270 
4 230 231 272 271 
4 231 232 273 272 
4 232 233 274 273 
4 233 234 275 274 
4 234 235 276 275 
4 235 236 277 276 
4 236 237 278 277 
4 237 238 279 278 
4 238 239 280 279 
4 239 240 281 280 
4 240 241 282 281 
4 241 242 283 282 
4 242 243 284 283 
4 243 244 285 284 
4 244 245 286 285 
4 245 246 287 286 
4 247 248 289 288 
4 248 249 290 289 
4 249 250 291 290 
4 250 251 292 291 
4 251 252 293 292 
4 252 253 294 293 
4 253 254 295 294 
4 254 255 296 295 
4 255 256 297 296 
4 256 257 298 297 
4 257 258 299 298 
4 258 259 300 299 
4 259 260 301 300 
4 260 261 302 301 
4 261 262 303 302 
4 262 263 304 303 
4 263 264 305 304 
4 264 265 306 305 
4 265 266 307 306 
4 266 267 308 307 
4 267 268 309 308 
4 268 269 310 309 
4 269 270 311 310 
4 270 271 312 311 
4 271 272 313 312 
4 272 273 314 313 
4 273 274 315 314 
4 274 275 316 315 
4 275 276 317 316 
4 276 277 318 317 
4 277 278 319 318 
4 278 279 320 319 
4 279 280 321 320 
4 280 281 322 321 
4 281 282 323 322 
4 282 283 324 323 
4 283 284 325 324 
4 284 285 326 325 
4 285 286 327 326 
4 286 287 328 327 
4 288 289 330 329 
4 289 290 331 330 
4 290 291 332 331 
4 291 292 333 332 
4 292 293 334 333 
4 293 294 335 334 
4 294 295 336 335 
4 295 296 337 336 
4 296 297 338 337 
4 297 298 339 338 
4 298 299 340 339 
4 299 300 341 340 
4 300 301 342 341 
4 301 302 343 342 
4 302 303 344 343 
4 303 304 345 344 
4 304 305 346 345 
4 305 306 347 346 
4 306 307 348 347 
4 307 308 349 348 
4 308 309 350 349 
4 309 310 351 350 
4 310 311 352 351 
4 311 312 353 352 
4 312 313 354 353 
4 313 314 355 354 
4 314 315 356 355 
4 315 316 357 356 
4 316 317 358 357 
4 317 318 359 358 
4 318 319 360 359 
4 319 320 361 360 
4 320 321 362 361 
4 321 322 363 362 
4 322 323 364 363 
4 323 324 365 364 
4 324 325 366 365 
4 325 326 367 366 
4 326 327 368 367 
4 327 328 369 368 
4 329 330 371 370 
4 330 331 372 371 
4 331 332 373 372 
4 332 333 374 373 
4 333 334 375 374 
4 334 335 376 375 
4 335 336 377 376 
4 336 337 378 377 
4 337 338 379 378 
4 338 339 380 379 
4 339 340 381 380 
4 340 341 382 381 
4 341 342 383 382 
4 342 343 384 383 
4 343 344 385 384 
4 344 345 386 385 
4 345 346 387 386 
4 346 347 388 387 
4 347 348 389 388 
4 348 349 390 389 
4 349 350 391 390 
4 350 351 392 391 
4 351 352 393 392 
4 352 353 394 393 
4 353 354 395 394 
4 354 355 396 395 
4 355 356 397 396 
4 356 357 398 397 
4 357 358 399 398 
4 358 359 400 399 
4 359 360 401 400 
4 360 361 402 401 
4 361 362 403 402 
4 362 363 404 403 
4 363 364 405 404 
4 364 365 406 405 
4 365 366 407 406 
4 366 367 408 407 
4 367 368 409 408 
4 368 369 410 409 
4 370 371 412 411 
4 371 372 413 412 
4 372 373 414 413 
4 373 374 415 414 
4 374 375 416 415 
4 375 376 417 416 
4 376 377 418 417 
4 377 378 419 418 
4 378 379 420 419 
4 379 380 421 420 
4 380 381 422 421 
4 381 382 423 422 
4 382 383 424 423 
4 383 384 425 424 
4 384 385 426 425 
4 385 386 427 426 
4 386 387 428 427 
4 387 388 429 428 
4 388 389 430 429 
4 389 390 431 430 
4 390 391 432 431 
4 391 392 433 432 
4 392 393 434 433 
4 393 394 435 434 
4 394 395 436 435 
4 395 396 437 436 
4 396 397 438 437 
4 397 398 439 438 
4 398 399 440 439 
4 399 400 441 440 
4 400 401 442 441 
4 401 402 443 442 
4 402 403 444 443 
4 403 404 445 444 
4 404 405 446 445 
4 405 406 447 446 
4 406 407 448 447 
4 407 408 449 448 
4 408 409 450 449 
4 409 410 451 450 
4 411 412 453 452 
4 412 413 454 453 
4 413 414 455 454 
4 414 415 456 455 
4 415 416 457 456 
4 416 417 458 457 
4 417 418 459 458 
4 418 419 460 459 
4 419 420 461 460 
4 420 421 462 461 
4 421 422 463 462 
4 422 423 464 463 
4 423 424 465 464 
4 424 425 466 465 
4 425 426 467 466 
4 426 427 468 467 
4 427 428 469 468 
4 428 429 470 469 
4 429 430 471 470 
4 430 431 472 471 
4 431 432 473 472 
4 432 433 474 473 
4 433 434 475 474 
4 434 435 476 475 
4 435 436 477 476 
4 436 437 478 477 
4 437 438 479 478 
4 438 439 480 479 
4 439 440 481 480 
4 440 441 482 481 
4 441 442 483 482 
4 442 443 484 483 
4 443 444 485 484 
4 444 445 486 485 
4 445 446 487 486 
4 446 447 488 487 
4 447 448 489 488 
4 448 449 490 489 
4 449 450 491 490 
4 450 451 492 491 
4 452 453 494 493 
4 453 454 495 494 
4 454 455 496 495 
4 455 456 497 496 
4 456 457 498 497 
4 457 458 499 498 
4 458 459 500 499 
4 459 460 501 500 
4 460 461 502 501 
4 461 462 503 502 
4 462 463 504 503 
4 463 464 505 504 
4 464 465 506 505 
4 465 466 507 506 
4 466 467 508 507 
4 467 468 509 508 
4 468 469 510 509 
4 469 470 511 510 
4 470 471 512 511 
4 471 472 513 512 
4 472 473 514 513 
4 473 474 515 514 
4 474 475 516 515 
4 475 476 517 516 
4 476 477 518 517 
4 477 478 519 518 
4 478 479 520 519 
4 479 480 521 520 
4 480 481 522 521 
4 481 482 523 522 
4 482 483 524 523 
4 483 484 525 524 
4 484 485 526 525 
4 485 486 527 526 
4 486 487 528 527 
4 487 488 529 528 
4 488 489 530 529 
4 489 490 531 530 
4 490 491 532 531 
4 491 492 533 532 
4 493 494 535 534 
4 494 495 536 535 
4 495 496 537 536 
4 496 497 538 537 
4 497 498 539 538 
4 498 499 540 539 
4 499 500 541 540 
4 500 501 542 541 
4 501 502 543 542 
4 502 503 544 543 
4 503 504 545 544 
4 504 505 546 545 
4 505 506 547 546 
4 506 507 548 547 
4 507 508 549 548 
4 508 509 550 549 
4 509 510 551 550 
4 510 511 552 551 
4 511 512 553 552 
4 512 513 554 553 
4 513 514 555 554 
4 514 515 556 555 
4 515 516 557 556 
4 516 517 558 557 
4 517 518 559 558 
4 518 519 560 559 
4 519 520 561 560 
4 520 521 562 561 
4 521 522 563 562 
4 522 523 564 563 
4 523 524 565 564 
4 524 525 566 565 
4 525 526 567 566 
4 526 527 568 567 
4 527 528 569 568 
4 528 529 570 569 
4 529 530 571 570 
4 530 531 572 571 
4 531 532 573 572 
4 532 533 574 573 
4 534 535 576 575 
4 535 536 577 576 
4 536 537 578 577 
4 537 538 579 578 
4 538 539 580 579 
4 539 540 581 580 
4 540 541 582 581 
4 541 542 583 582 
4 542 543 584 583 
4 543 544 585 584 
4 544 545 586 585 
4 545 546 587 586 
4 546 547 588 587 
4 547 548 589 588 
4 548 549 590 589 
4 549 550 591 590 
4 550 551 592 591 
4 551 552 593 592 
4 552 553 594 593 
4 553 554 595 594 
4 554 555 596 595 
4 555 556 597 596 
4 556 557 598 597 
4 557 558 599 598 
4 558 559 600 599 
4 559 560 601 600 
4 560 561 602 601 
4 561 562 603 602 
4 562 563 604 603 
4 563 564 605 604 
4 564 565 606 605 
4 565 566 607 606 
4 566 567 608 607 
4 567 568 609 608 
4 568 569 610 609 
4 569 570 611 610 
4 570 571 612 611 
4 571 572 613 612 
4 572 573 614 613 
4 573 574 615 614 
4 575 576 617 616 
4 576 577 618 617 
4 577 578 619 618 
4 578 579 620 619 
4 579 580 621 620 
4 580 581 622 621 
4 581 582 623 622 
4 582 583 624 623 
4 583 584 625 624 
4 584 585 626 625 
4 585 586 627 626 
4 586 587 628 627 
4 587 588 629 628 
4 588 589 630 629 
4 589 590 631 630 
4 590 591 632 631 
4 591 592 633 632 
4 592 593 634 633 
4 593 594 635 634 
4 594 595 636 635 
4 595 596 637 636 
4 596 597 638 637 
4 597 598 639 638 
4 598 599 640 639 
4 599 600 641 640 
4 600 601 642 641 
4 601 602 643 642 
4 602 603 644 643 
4 603 604 645 644 
4 604 605 646 645 
4 605 606 647 646 
4 606 607 648 647 
4 607 608 649 648 
4 608 609 650 649 
4 609 610 651 650 
4 610 611 652 651 
4 611 612 653 652 
4 612 613 654 653 
4 613 614 655 654 
4 614 615 656 655 
4 616 617 658 657 
4 617 618 659 658 
4 618 619 660 659 
4 619 620 661 660 
4 620 621 662 661 
4 621 622 663 662 
4 622 623 664 663 
4 623 624 665 664 
4 624 625 666 665 
4 625 626 667 666 
4 626 627 668 667 
4 627 628 669 668 
4 628 629 670 669 
4 629 630 671 670 
4 630 631 672 671 
4 631 632 673 672 
4 632 633 674 673 
4 633 634 675 674 
4 634 635 676 675 
4 635 636 677 676 
4 636 637 678 677 
4 637 638 679 678 
4 638 639 680 679 
4 639 640 681 680 
4 640 641 682 681 
4 641 642 683 682 
4 642 643 684 683 
4 643 644 685 684 
4 644 645 686 685 
4 645 646 687 686 
4 646 647 688 687 
4 647 648 689 688 
4 648 649 690 689 
4 649 650 691 690 
4 650 651 692 691 
4 651 652 693 692 
4 652 653 694 693 
4 653 654 695 694 
4 654 655 696 695 
4 655 656 697 696 
4 657 658 699 698 
4 658 659 700 699 
4 659 660 701 700 
4 660 661 702 701 
4 661 662 703 702 
4 662 663 704 703 
4 663 664 705 704 
4 664 665 706 705 
4 665 666 707 706 
4 666 667 708 707 
4 667 668 709 708 
4 668 669 710 709 
4 669 670 711 710 
4 670 671 712 711 
4 671 672 713 712 
4 672 673 714 713 
4 673 674 715 714 
4 674 675 716 715 
4 675 676 717 716 
4 676 677 718 717 
4 677 678 719 718 
4 678 679 720 719 
4 679 680 721 720 
4 680 681 722 721 
4 681 682 723 722 
4 682 683 724 723 
4 683 684 725 724 
4 684 685 726 725 
4 685 686 727 726 
4 686 687 728 727 
4 687 688 729 728 
4 688 689 730 729 
4 689 690 731 730 
4 690 691 732 731 
4 691 692 733 732 
4 692 693 734 733 
4 693 694 735 734 
4 694 695 736 735 
4 695 696 737 736 
4 696 697 738 737 
4 698 699 740 739 
4 699 700 741 740 
4 700 701 742 741 
4 701 702 743 742 
4 702 703 744 743 
4 703 704 745 744 
4 704 705 746 745 
4 705 706 747 746 
4 706 707 748 747 
4 707 708 749 748 
4 708 709 750 749 
4 709 710 751 750 
4 710 711 752 751 
4 711 712 753 752 
4 712 713 754 753 
4 713 714 755 754 
4 714 715 756 755 
4 715 716 757 756 
4 716 717 758 757 
4 717 718 759 758 
4 718 719 760 759 
4 719 720 761 760 
4 720 721 762 761 
4 721 722 763 762 
4 722 723 764 763 
4 723 724 765 764 
4 724 725 766 765 
4 725 726 767 766 
4 726 727 768 767 
4 727 728 769 768 
4 728 729 770 769 
4 729 730 771 770 
4 730 731 772 771 
4 731 732 773 772 
4 732 733 774 773 
4 733 734 775 774 
4 734 735 776 775 
4 735 736 777 776 
4 736 737 778 777 
4 737 738 779 778 
4 739 740 781 780 
4 740 741 782 781 
4 741 742 783 782 
4 742 743 784 783 
4 743 744 785 784 
4 744 745 786 785 
4 745 746 787 786 
4 746 747 788 787 
4 747 748 789 788 
4 748 749 790 789 
4 749 750 791 790 
4 750 751 792 791 
4 751 752 793 792 
4 752 753 794 793 
4 753 754 795 794 
4 754 755 796 795 
4 755 756 797 796 
4 756 757 798 797 
4 757 758 799 798 
4 758 759 800 799 
4 759 760 801 800 
4 760 761 802 801 
4 761 762 803 802 
4 762 763 804 803 
4 763 764 805 804 
4 764 765 806 805 
4 765 766 807 806 
4 766 767 808 807 
4 767 768 809 808 
4 768 769 810 809 
4 769 770 811 810 
4 770 771 812 811 
4 771 772 813 812 
4 772 773 814 813 
4 773 774 815 814 
4 774 775 816 815 
4 775 776 817 816 
4 776 777 818 817 
4 777 778 819 818 
4 778 779 820 819 
4 780 781 822 821 
4 781 782 823 822 
4 782 783 824 823 
4 783 784 825 824 
4 784 785 826 825 
4 785 786 827 826 
4 786 787 828 827 
4 787 788 829 828 
4 788 789 830 829 
4 789 790 831 830 
4 790 791 832 831 
4 791 792 833 832 
4 792 793 834 833 
4 793 794 835 834 
4 794 795 836 835 
4 795 796 837 836 
4 796 797 838 837 
4 797 798 839 838 
4 798 799 840 839 
4 799 800 841 840 
4 800 801 842 841 
4 801 802 843 842 
4 802 803 844 843 
4 803 804 845 844 
4 804 805 846 845 
4 805 806 847 846 
4 806 807 848 847 
4 807 808 849 848 
4 808 809 850 849 
4 809 810 851 850 
4 810 811 852 851 
4 811 812 853 852 
4 812 813 854 853 
4 813 814 855 854 
4 814 815 856 855 
4 815 816 857 856 
4 816 817 858 857 
4 817 818 859 858 
4 818 819 860 859 
4 819 820 861 860 
4 821 822 863 862 
4 822 823 864 863 
4 823 824 865 864 
4 824 825 866 865 
4 825 826 867 866 
4 826 827 868 867 
4 827 828 869 868 
4 828 829 870 869 
4 829 830 871 870 
4 830 831 872 871 
4 831 832 873 872 
4 832 833 874 873 
4 833 834 875 874 
4 834 835 876 875 
4 835 836 877 876 
4 836 837 878 877 
4 837 838 879 878 
4 838 839 880 879 
4 839 840 881 880 
4 840 841 882 881 
4 841 842 883 882 
4 842 843 884 883 
4 843 844 885 884 
4 844 845 886 885 
4 845 846 887 886 
4 846 847 888 887 
4 847 848 889 888 
4 848 849 890 889 
4 849 850 891 890 
4 850 851 892 891 
4 851 852 893 892 
4 852 853 894 893 
4 853 854 895 894 
4 854 855 896 895 
4 855 856 897 896 
4 856 857 898 897 
4 857 858 899 898 
4 858 859 900 899 
4 859 860 901 900 
4 860 861 902 901 
4 862 863 904 903 
4 863 864 905 904 
4 864 865 906 905 
4 865 866 907 906 
4 866 867 908 907 
4 867 868 909 908 
4 868 869 910 909 
4 869 870 911 910 
4 870 871 912 911 
4 871 872 913 912 
4 872 873 914 913 
4 873 874 915 914 
4 874 875 916 915 
4 875 876 917 916 
4 876 877 918 917 
4 877 878 919 918 
4 878 879 920 919 
4 879 880 921 920 
4 880 881 922 921 
4 881 882 923 922 
4 882 883 924 923 
4 883 884 925 924 
4 884 885 926 925 
4 885 886 927 926 
4 886 887 928 927 
4 887 888 929 928 
4 888 889 930 929 
4 889 890 931 930 
4 890 891 932 931 
4 891 892 933 932 
4 892 893 934 933 
4 893 894 935 934 
4 894 895 936 935 
4 895 896 937 936 
4 896 897 938 937 
4 897 898 939 938 
4 898 899 940 939 
4 899 900 941 940 
4 900 901 942 941 
4 901 902 943 942 
4 903 904 945 944 
4 904 905 946 945 
4 905 906 947 946 
4 906 907 948 947 
4 907 908 949 948 
4 908 909 950 949 
4 909 910 951 950 
4 910 911 952 951 
4 911 912 953 952 
4 912 913 954 953 
4 913 914 955 954 
4 914 915 956 955 
4 915 916 957 956 
4 916 917 958 957 
4 917 918 959 958 
4 918 919 960 959 
4 919 920 961 960 
4 920 921 962 961 
4 921 922 963 962 
4 922 923 964 963 
4 923 924 965 964 
4 924 925 966 965 
4 925 926 967 966 
4 926 927 968 967 
4 927 928 969 968 
4 928 929 970 969 
4 929 930 971 970 
4 930 931 972 971 
4 931 932 973 972 
4 932 933 974 973 
4 933 934 975 974 
4 934 935 976 975 
4 935 936 977 976 
4 936 937 978 977 
4 937 938 979 978 
4 938 939 980 979 
4 939 940 981 980 
4 940 941 982 981 
4 941 942 983 982 
4 942 943 984 983 
4 944 945 986 985 
4 945 946 987 986 
4 946 947 988 987 
4 947 948 989 988 
4 948 949 990 989 
4 949 950 991 990 
4 950 951 992 991 
4 951 952 993 992 
4 952 953 994 993 
4 953 954 995 994 
4 954 955 996 995 
4 955 956 997 996 
4 956 957 998 997 
4 957 958 999 998 
4 958 959 1000 999 
4 959 960 1001 1000 
4 960 961 1002 1001 
4 961 962 1003 1002 
4 962 963 1004 1003 
4 963 964 1005 1004 
4 964 965 1006 1005 
4 965 966 1007 1006 
4 966 967 1008 1007 
4 967 968 1009 1008 
4 968 969 1010 1009 
4 969 970 1011 1010 
4 970 971 1012 1011 
4 971 972 1013 1012 
4 972 973 1014 1013 
4 973 974 1015 1014 
4 974 975 1016 1015 
4 975 976 1017 1016 
4 976 977 1018 1017 
4 977 978 1019 1018 
4 978 979 1020 1019 
4 979 980 1021 1020 
4 980 981 1022 1021 
4 981 982 1023 1022 
4 982 983 1024 1023 
4 983 984 1025 1024 
4 985 986 1027 1026 
4 986 987 1028 1027 
4 987 988 1029 1028 
4 988 989 1030 1029 
4 989 990 1031 1030 
4 990 991 1032 1031 
4 991 992 1033 1032 
4 992 993 1034 1033 
4 993 994 1035 1034 
4 994 995 1036 1035 
4 995 996 1037 1036 
4 996 997 1038 1037 
4 997 998 1039 1038 
4 998 999 1040 1039 
4 999 1000 1041 1040 
4 1000 1001 1042 1041 
4 1001 1002 1043 1042 
4 1002 1003 1044 1043 
4 1003 1004 1045 1044 
4 1004 1005 1046 1045 
4 1005 1006 1047 1046 
4 1006 1007 1048 1047 
4 1007 1008 1049 1048 
4 1008 1009 1050 1049 
4 1009 1010 1051 1050 
4 1010 1011 1052 1051 
4 1011 1012 1053 1052 
4 1012 1013 1054 1053 
4 1013 1014 1055 1054 
4 1014 1015 1056 1055 
4 1015 1016 1057 1056 
4 1016 1017 1058 1057 
4 1017 1018 1059 1058 
4 1018 1019 1060 1059 
4 1019 1020 1061 1060 
4 1020 1021 1062 1061 
4 1021 1022 1063 1062 
4 1022 1023 1064 1063 
4 1023 1024 1065 1064 
4 1024 1025 1066 1065 
4 1026 1027 1068 1067 
4 1027 1028 1069 1068 
4 1028 1029 1070 1069 
4 1029 1030 1071 1070 
4 1030 1031 1072 1071 
4 1031 1032 1073 1072 
4 1032 1033 1074 1073 
4 1033 1034 1075 1074 
4 1034 1035 1076 1075 
4 1035 1036 1077 1076 
4 1036 1037 1078 1077 
4 1037 1038 1079 1078 
4 1038 1039 1080 1079 
4 1039 1040 1081 1080 
4 1040 1041 1082 1081 
4 1041 1042 1083 1082 
4 1042 1043 1084 1083 
4 1043 1044 1085 1084 
4 1044 1045 1086 1085 
4 1045 1046 1087 1086 
4 1046 1047 1088 1087 
4 1047 1048 1089 1088 
4 1048 1049 1090 1089 
4 1049 1050 1091 1090 
4 1050 1051 1092 1091 
4 1051 1052 1093 1092 
4 1052 1053 1094 1093 
4 1053 1054 1095 1094 
4 1054 1055 1096 1095 
4 1055 1056 1097 1096 
4 1056 1057 1098 1097 
4 1057 1058 1099 1098 
4 1058 1059 1100 1099 
4 1059 1060 1101 1100 
4 1060 1061 1102 1101 
4 1061 1062 1103 1102 
4 1062 1063 1104 1103 
4 1063 1064 1105 1104 
4 1064 1065 1106 1105 
4 1065 1066 1107 1106 
4 1067 1068 1109 1108 
4 1068 1069 1110 1109 
4 1069 1070 1111 1110 
4 1070 1071 1112 1111 
4 1071 1072 1113 1112 
4 1072 1073 1114 1113 
4 1073 1074 1115 1114 
4 1074 1075 1116 1115 
4 1075 1076 1117 1116 
4 1076 1077 1118 1117 
4 1077 1078 1119 1118 
4 1078 1079 1120 1119 
4 1079 1080 1121 1120 
4 1080 1081 1122 1121 
4 1081 1082 1123 1122 
4 1082 1083 1124 1123 
4 1083 1084 1125 1124 
4 1084 1085 1126 1125 
4 1085 1086 1127 1126 
4 1086 1087 1128 1127 
4 1087 1088 1129 1128 
4 1088 1089 1130 1129 
4 1089 1090 1131 1130 
4 1090 1091 1132 1131 
4 1091 1092 1133 1132 
4 1092 1093 1134 1133 
4 1093 1094 1135 1134 
4 1094 1095 1136 1135 
4 1095 1096 1137 1136 
4 1096 1097 1138 1137 
4 1097 1098 1139 1138 
4 1098 1099 1140 1139 
4 1099 1100 1141 1140 
4 1100 1101 1142 1141 
4 1101 1102 1143 1142 
4 1102 1103 1144 1143 
4 1103 1104 1145 1144 
4 1104 1105 1146 1145 
4 1105 1106 1147 1146 
4 1106 1107 1148 1147 
4 1108 1109 1150 1149 
4 1109 1110 1151 1150 
4 1110 1111 1152 1151 
4 1111 1112 1153 1152 
4 1112 1113 1154 1153 
4 1113 1114 1155 1154 
4 1114 1115 1156 1155 
4 1115 1116 1157 1156 
4 1116 1117 1158 1157 
4 1117 1118 1159 1158 
4 1118 1119 1160 1159 
4 1119 1120 1161 1160 
4 1120 1121 1162 1161 
4 1121 1122 1163 1162 
4 1122 1123 1164 1163 
4 1123 1124 1165 1164 
4 1124 1125 1166 1165 
4 1125 1126 1167 1166 
4 1126 1127 1168 1167 
4 1127 1128 1169 1168 
4 1128 1129 1170 1169 
4 1129 1130 1171 1170 
4 1130 1131 1172 1171 
4 1131 1132 1173 1172 
4 1132 1133 1174 1173 
4 1133 1134 1175 1174 
4 1134 1135 1176 1175 
4 1135 1136 1177 1176 
4 1136 1137 1178 1177 
4 1137 1138 1179 1178 
4 1138 1139 1180 1179 
4 1139 1140 1181 1180 
4 1140 1141 1182 1181 
4 1141 1142 1183 1182 
4 1142 1143 1184 1183 
4 1143 1144 1185 1184 
4 1144 1145 1186 1185 
4 1145 1146 1187 1186 
4 1146 1147 1188 1187 
4 1147 1148 1189 1188 
4 1149 1150 1191 1190 
4 1150 1151 1192 1191 
4 1151 1152 1193 1192 
4 1152 1153 1194 1193 
4 1153 1154 1195 1194 
4 1154 1155 1196 1195 
4 1155 1156 1197 1196 
4 1156 1157 1198 1197 
4 1157 1158 1199 1198 
4 1158 1159 1200 1199 
4 1159 1160 1201 1200 
4 1160 1161 1202 1201 
4 1161 1162 1203 1202 
4 1162 1163 1204 1203 
4 1163 1164 1205 1204 
4 1164 1165 1206 1205 
4 1165 1166 1207 1206 
4 1166 1167 1208 1207 
4 1167 1168 1209 1208 
4 1168 1169 1210 1209 
4 1169 1170 1211 1210 
4 1170 1171 1212 1211 
4 1171 1172 1213 1212 
4 1172 1173 1214 1213 
4 1173 1174 1215 1214 
4 1174 1175 1216 1215 
4 1175 1176 1217 1216 
4 1176 1177 1218 1217 
4 1177 1178 1219 1218 
4 1178 1179 1220 1219 
4 1179 1180 1221 1220 
4 1180 1181 1222 1221 
4 1181 1182 1223 1222 
4 1182 1183 1224 1223 
4 1183 1184 1225 1224 
4 1184 1185 1226 1225 
4 1185 1186 1227 1226 
4 1186 1187 1228 1227 
4 1187 1188 1229 1228 
4 1188 1189 1230 1229 
4 1190 1191 1232 1231 
4 1191 1192 1233 1232 
4 1192 1193 1234 1233 
4 1193 1194 1235 1234 
4 1194 1195 1236 1235 
4 1195 1196 1237 1236 
4 1196 1197 1238 1237 
4 1197 1198 1239 1238 
4 1198 1199 1240 1239 
4 1199 1200 1241 1240 
4 1200 1201 1242 1241 
4 1201 1202 1243 1242 
4 1202 1203 1244 1243 
4 1203 1204 1245 1244 
4 1204 1205 1246 1245 
4 1205 1206 1247 1246 
4 1206 1207 1248 1247 
4 1207 1208 1249 1248 
4 1208 1209 1250 1249 
4 1209 1210 1251 1250 
4 1210 1211 1252 1251 
4 1211 1212 1253 1252 
4 1212 1213 1254 1253 
4 1213 1214 1255 1254 
4 1214 1215 1256 1255 
4 1215 1216 1257 1256 
4 1216 1217 1258 1257 
4 1217 1218 1259 1258 
4 1218 1219 1260 1259 
4 1219 1220 1261 1260 
4 1220 1221 1262 1261 
4 1221 1222 1263 1262 
4 1222 1223 1264 1263 
4 1223 1224 1265 1264 
4 1224 1225 1266 1265 
4 1225 1226 1267 1266 
4 1226 1227 1268 1267 
4 1227 1228 1269 1268 
4 1228 1229 1270 1269 
4 1229 1230 1271 1270 
4 1231 1232 1273 1272 
4 1232 1233 1274 1273 
4 1233 1234 1275 1274 
4 1234 1235 1276 1275 
4 1235 1236 1277 1276 
4 1236 1237 1278 1277 
4 1237 1238 1279 1278 
4 1238 1239 1280 1279 
4 1239 1240 1281 1280 
4 1240 1241 1282 1281 
4 1241 1242 1283 1282 
4 1242 1243 1284 1283 
4 1243 1244 1285 1284 
4 1244 1245 1286 1285 
4 1245 1246 1287 1286 
4 1246 1247 1288 1287 
4 1247 1248 1289 1288 
4 1248 1249 1290 1289 
4 1249 1250 1291 1290 
4 1250 1251 1292 1291 
4 1251 1252 1293 1292 
4 1252 1253 1294 1293 
4 1253 1254 1295 1294 
4 1254 1255 1296 1295 
4 1255 1256 1297 1296 
4 1256 1257 1298 1297 
4 1257 1258 1299 1298 
4 1258 1259 1300 1299 
4 1259 1260 1301 1300 
4 1260 1261 1302 1301 
4 1261 1262 1303 1302 
4 1262 1263 1304 1303 
4 1263 1264 1305 1304 
4 1264 1265 1306 1305 
4 1265 1266 1307 1306 
4 1266 1267 1308 1307 
4 1267 1268 1309 1308 
4 1268 1269 1310 1309 
4 1269 1270 1311 1310 
4 1270 1271 1312 1311 
4 1272 1273 1314 1313 
4 1273 1274 1315 1314 
4 1274 1275 1316 1315 
4 1275 1276 1317 1316 
4 1276 1277 1318 1317 
4 1277 1278 1319 1318 
4 1278 1279 1320 1319 
4 1279 1280 1321 1320 
4 1280 1281 1322 1321 
4 1281 1282 1323 1322 
4 1282 1283 1324 1323 
4 1283 1284 1325 1324 
4 1284 1285 1326 1325 
4 1285 1286 1327 1326 
4 1286 1287 1328 1327 
4 1287 1288 1329 1328 
4 1288 1289 1330 1329 
4 1289 1290 1331 1330 
4 1290 1291 1332 1331 
4 1291 1292 1333 1332 
4 1292 1293 1334 1333 
4 1293 1294 1335 1334 
4 1294 1295 1336 1335 
4 1295 1296 1337 1336 
4 1296 1297 1338 1337 
4 1297 1298 1339 1338 
4 1298 1299 1340 1339 
4 1299 1300 1341 1340 
4 1300 1301 1342 1341 
4 1301 1302 1343 1342 
4 1302 1303 1344 1343 
4 1303 1304 1345 1344 
4 1304 1305 1346 1345 
4 1305 1306 1347 1346 
4 1306 1307 1348 1347 
4 1307 1308 1349 1348 
4 1308 1309 1350 1349 
4 1309 1310 1351 1350 
4 1310 1311 1352 1351 
4 1311 1312 1353 1352 
4 1313 1314 1355 1354 
4 1314 1315 1356 1355 
4 1315 1316 1357 1356 
4 1316 1317 1358 1357 
4 1317 1318 1359 1358 
4 1318 1319 1360 1359 
4 1319 1320 1361 1360 
4 1320 1321 1362 1361 
4 1321 1322 1363 1362 
4 1322 1323 1364 1363 
4 1323 1324 1365 1364 
4 1324 1325 1366 1365 
4 1325 1326 1367 1366 
4 1326 1327 1368 1367 
4 1327 1328 1369 1368 
4 1328 1329 1370 1369 
4 1329 1330 1371 1370 
4 1330 1331 1372 1371 
4 1331 1332 1373 1372 
4 1332 1333 1374 1373 
4 1333 1334 1375 1374 
4 1334 1335 1376 1375 
4 1335 1336 1377 1376 
4 1336 1337 1378 1377 
4 1337 1338 1379 1378 
4 1338 1339 1380 1379 
4 1339 1340 1381 1380 
4 1340 1341 1382 1381 
4 1341 1342 1383 1382 
4 1342 1343 1384 1383 
4 1343 1344 1385 1384 
4 1344 1345 1386 1385 
4 1345 1346 1387 1386 
4 1346 1347 1388 1387 
4 1347 1348 1389 1388 
4 1348 1349 1390 1389 
4 1349 1350 1391 1390 
4 1350 1351 1392 1391 
4 1351 1352 1393 1392 
4 1352 1353 1394 1393 
4 1354 1355 1396 1395 
4 1355 1356 1397 1396 
4 1356 1357 1398 1397 
4 1357 1358 1399 1398 
4 1358 1359 1400 1399 
4 1359 1360 1401 1400 
4 1360 1361 1402 1401 
4 1361 1362 1403 1402 
4 1362 1363 1404 1403 
4 1363 1364 1405 1404 
4 1364 1365 1406 1405 
4 1365 1366 1407 1406 
4 1366 1367 1408 1407 
4 1367 1368 1409 1408 
4 1368 1369 1410 1409 
4 1369 1370 1411 1410 
4 1370 1371 1412 1411 
4 1371 1372 1413 1412 
4 1372 1373 1414 1413 
4 1373 1374 1415 1414 
4 1374 1375 1416 1415 
4 1375 1376 1417 1416 
4 1376 1377 1418 1417 
4 1377 1378 1419 1418 
4 1378 1379 1420 1419 
4 1379 1380 1421 1420 
4 1380 1381 1422 1421 
4 1381 1382 1423 1422 
4 1382 1383 1424 1423 
4 1383 1384 1425 1424 
4 1384 1385 1426 1425 
4 1385 1386 1427 1426 
4 1386 1387 1428 1427 
4 1387 1388 1429 1428 
4 1388 1389 1430 1429 
4 1389 1390 1431 1430 
4 1390 1391 1432 1431 
4 1391 1392 1433 1432 
4 1392 1393 1434 1433 
4 1393 1394 1435 1434 
4 1395 1396 1437 1436 
4 1396 1397 1438 1437 
4 1397 1398 1439 1438 
4 1398 1399 1440 1439 
4 1399 1400 1441 1440 
4 1400 1401 1442 1441 
4 1401 1402 1443 1442 
4 1402 1403 1444 1443 
4 1403 1404 1445 1444 
4 1404 1405 1446 1445 
4 1405 1406 1447 1446 
4 1406 1407 1448 1447 
4 1407 1408 1449 1448 
4 1408 1409 1450 1449 
4 1409 1410 1451 1450 
4 1410 1411 1452 1451 
4 1411 1412 1453 1452 
4 1412 1413 1454 1453 
4 1413 1414 1455 1454 
4 1414 1415 1456 1455 
4 1415 1416 1457 1456 
4 1416 1417 1458 1457 
4 1417 1418 1459 1458 
4 1418 1419 1460 1459 
4 1419 1420 1461 1460 
4 1420 1421 1462 1461 
4 1421 1422 1463 1462 
4 1422 1423 1464 1463 
4 1423 1424 1465 1464 
4 1424 1425 1466 1465 
4 1425 1426 1467 1466 
4 1426 1427 1468 1467 
4 1427 1428 1469 1468 
4 1428 1429 1470 1469 
4 1429 1430 1471 1470 
4 1430 1431 1472 1471 
4 1431 1432 1473 1472 
4 1432 1433 1474 1473 
4 1433 1434 1475 1474 
4 1434 1435 1476 1475 
4 1436 1437 1478 1477 
4 1437 1438 1479 1478 
4 1438 1439 1480 1479 
4 1439 1440 1481 1480 
4 1440 1441 1482 1481 
4 1441 1442 1483 1482 
4 1442 1443 1484 1483 
4 1443 1444 1485 1484 
4 1444 1445 1486 1485 
4 1445 1446 1487 1486 
4 1446 1447 1488 1487 
4 1447 1448 1489 1488 
4 1448 1449 1490 1489 
4 1449 1450 1491 1490 
4 1450 1451 1492 1491 
4 1451 1452 1493 1492 
4 1452 1453 1494 1493 
4 1453 1454 1495 1494 
4 1454 1455 1496 1495 
4 1455 1456 1497 1496 
4 1456 1457 1498 1497 
4 1457 1458 1499 1498 
4 1458 1459 1500 1499 
4 1459 1460 1501 1500 
4 1460 1461 1502 1501 
4 1461 1462 1503 1502 
4 1462 1463 1504 1503 
4 1463 1464 1505 1504 
4 1464 1465 1506 1505 
4 1465 1466 1507 1506 
4 1466 1467 1508 1507 
4 1467 1468 1509 1508 
4 1468 1469 1510 1509 
4 1469 1470 1511 1510 
4 1470 1471 1512 1511 
4 1471 1472 1513 1512 
4 1472 1473 1514 1513 
4 1473 1474 1515 1514 
4 1474 1475 1516 1515 
4 1475 1476 1517 1516 
4 1477 1478 1519 1518 
4 1478 1479 1520 1519 
4 1479 1480 1521 1520 
4 1480 1481 1522 1521 
4 1481 1482 1523 1522 
4 1482 1483 1524 1523 
4 1483 1484 1525 1524 
4 1484 1485 1526 1525 
4 1485 1486 1527 1526 
4 1486 1487 1528 1527 
4 1487 1488 1529 1528 
4 1488 1489 1530 1529 
4 1489 1490 1531 1530 
4 1490 1491 1532 1531 
4 1491 1492 1533 1532 
4 1492 1493 1534 1533 
4 1493 1494 1535 1534 
4 1494 1495 1536 1535 
4 1495 1496 1537 1536 
4 1496 1497 1538 1537 
4 1497 1498 1539 1538 
4 1498 1499 1540 1539 
4 1499 1500 1541 1540 
4 1500 1501 1542 1541 
4 1501 1502 1543 1542 
4 1502 1503 1544 1543 
4 1503 1504 1545 1544 
4 1504 1505 1546 1545 
4 1505 1506 1547 1546 
4 1506 1507 1548 1547 
4 1507 1508 1549 1548 
4 1508 1509 1550 1549 
4 1509 1510 1551 1550 
4 1510 1511 1552 1551 
4 1511 1512 1553 1552 
4 1512 1513 1554 1553 
4 1513 1514 1555 1554 
4 1514 1515 1556 1555 
4 1515 1516 1557 1556 
4 1516 1517 1558 1557 
4 1518 1519 1560 1559 
4 1519 1520 1561 1560 
4 1520 1521 1562 1561 
4 1521 1522 1563 1562 
4 1522 1523 1564 1563 
4 1523 1524 1565 1564 
4 1524 1525 1566 1565 
4 1525 1526 1567 1566 
4 1526 1527 1568 1567 
4 1527 1528 1569 1568 
4 1528 1529 1570 1569 
4 1529 1530 1571 1570 
4 1530 1531 1572 1571 
4 1531 1532 1573 1572 
4 1532 1533 1574 1573 
4 1533 1534 1575 1574 
4 1534 1535 1576 1575 
4 1535 1536 1577 1576 
4 1536 1537 1578 1577 
4 1537 1538 1579 1578 
4 1538 1539 1580 1579 
4 1539 1540 1581 1580 
4 1540 1541 1582 1581 
4 1541 1542 1583 1582 
4 1542 1543 1584 1583 
4 1543 1544 1585 1584 
4 1544 1545 1586 1585 
4 1545 1546 1587 1586 
4 1546 1547 1588 1587 
4 1547 1548 1589 1588 
4 1548 1549 1590 1589 
4 1549 1550 1591 1590 
4 1550 1551 1592 1591 
4 1551 1552 1593 1592 
4 1552 1553 1594 1593 
4 1553 1554 1595 1594 
4 1554 1555 1596 1595 
4 1555 1556 1597 1596 
4 1556 1557 1598 1597 
4 1557 1558 1599 1598 
4 1559 1560 1601 1600 
4 1560 1561 1602 1601 
4 1561 1562 1603 1602 
4 1562 1563 1604 1603 
4 1563 1564 1605 1604 
4 1564 1565 1606 1605 
4 1565 1566 1607 1606 
4 1566 1567 1608 1607 
4 1567 1568 1609 1608 
4 1568 1569 1610 1609 
4 1569 1570 1611 1610 
4 1570 1571 1612 1611 
4 1571 1572 1613 1612 
4 1572 1573 1614 1613 
4 1573 1574 1615 1614 
4 1574 1575 1616 1615 
4 1575 1576 1617 1616 
4 1576 1577 1618 1617 
4 1577 1578 1619 1618 
4 1578 1579 1620 1619 
4 1579 1580 1621 1620 
4 1580 1581 1622 1621 
4 1581 1582 1623 1622 
4 1582 1583 1624 1623 
4 1583 1584 1625 1624 
4 1584 1585 1626 1625 
4 1585 1586 1627 1626 
4 1586 1587 1628 1627 
4 1587 1588 1629 1628 
4 1588 1589 1630 1629 
4 1589 1590 1631 1630 
4 1590 1591 1632 1631 
4 1591 1592 1633 1632 
4 1592 1593 1634 1633 
4 1593 1594 1635 1634 
4 1594 1595 1636 1635 
4 1595 1596 1637 1636 
4 1596 1597 1638 1637 
4 1597 1598 1639 1638 
4 1598 1599 1640 1639 
4 1600 1601 1642 1641 
4 1601 1602 1643 1642 
4 1602 1603 1644 1643 
4 1603 1604 1645 1644 
4 1604 1605 1646 1645 
4 1605 1606 1647 1646 
4 1606 1607 1648 1647 
4 1607 1608 1649 1648 
4 1608 1609 1650 1649 
4 1609 1610 1651 1650 
4 1610 1611 1652 1651 
4 1611 1612 1653 1652 
4 1612 1613 1654 1653 
4 1613 1614 1655 1654 
4 1614 1615 1656 1655 
4 1615 1616 1657 1656 
4 1616 1617 1658 1657 
4 1617 1618 1659 1658 
4 1618 1619 1660 1659 
4 1619 1620 1661 1660 
4 1620 1621 1662 1661 
4 1621 1622 1663 1662 
4 1622 1623 1664 1663 
4 1623 1624 1665 1664 
4 1624 1625 1666 1665 
4 1625 1626 1667 1666 
4 1626 1627 1668 1667 
4 1627 1628 1669 1668 
4 1628 1629 1670 1669 
4 1629 1630 1671 1670 
4 1630 1631 1672 1671 
4 1631 1632 1673 1672 
4 1632 1633 1674 1673 
4 1633 1634 1675 1674 
4 1634 1635 1676 1675 
4 1635 1636 1677 1676 
4 1636 1637 1678 1677 
4 1637 1638 1679 1678 
4 1638 1639 1680 1679 
4 1639 1640 1681 1680 
# indices of nodes located on the bottom boundary
1 2 3 4 5 6 7 8 9 10 11 12 13 14 15 16 17 18 19 20 21 22 23 24 25 26 27 28 29 30 31 32 33 34 35 36 37 38 39 40 41 
# indices of nodes located on the top boundary
1641 1642 1643 1644 1645 1646 1647 1648 1649 1650 1651 1652 1653 1654 1655 1656 1657 1658 1659 1660 1661 1662 1663 1664 1665 1666 1667 1668 1669 1670 1671 1672 1673 1674 1675 1676 1677 1678 1679 1680 1681 
# indices of nodes located on the left boundary
1 42 83 124 165 206 247 288 329 370 411 452 493 534 575 616 657 698 739 780 821 862 903 944 985 1026 1067 1108 1149 1190 1231 1272 1313 1354 1395 1436 1477 1518 1559 1600 1641 
# indices of nodes located on the right boundary
41 82 123 164 205 246 287 328 369 410 451 492 533 574 615 656 697 738 779 820 861 902 943 984 1025 1066 1107 1148 1189 1230 1271 1312 1353 1394 1435 1476 1517 1558 1599 1640 1681 
# xmin, xmax, ymin, ymax of the bounding box
0 1 0 1
