# domain type
RectangularDomain
# nodal coordinates: number of nodes followed by the coordinates
121
0.0000000000000000 0.0000000000000000
0.1000000000000000 0.0000000000000000
0.2000000000000000 0.0000000000000000
0.3000000000000000 0.0000000000000000
0.4000000000000000 0.0000000000000000
0.5000000000000000 0.0000000000000000
0.6000000000000001 0.0000000000000000
0.7000000000000001 0.0000000000000000
0.8000000000000000 0.0000000000000000
0.9000000000000000 0.0000000000000000
1.0000000000000000 0.0000000000000000
0.0000000000000000 0.1000000000000000
0.0685276313606821 0.0594208062924381
0.1707792670440446 0.0540507573607097
0.2805171377024183 0.1182900519939140
0.4381002318441624 0.1001635948017857
0.4685715173931184 0.1256475031275011
0.6424145710436937 0.1446049881333393
0.6810785496859992 0.0751848407176291
0.8415564154489090 0.1100217350901104
0.9098191966248058 0.1424033308309158
1.0000000000000000 0.1000000000000000
0.0000000000000000 0.2000000000000000
0.1373013183706494 0.1586624143860981
0.1844259300843413 0.2464288321425810
0.2549777951161645 0.2465553919497091
0.3540256041483919 0.2159614273333867
0.4570736376812772 0.2150016234015191
0.5969202446991029 0.1720832769897989
0.7049458401497503 0.2416178622003068
0.8240129597149346 0.1699931519775693
0.9260083846446342 0.2376681065164835
1.0000000000000000 0.2000000000000000
0.0000000000000000 0.3000000000000000
0.0867640753774591 0.3402459595000591
0.1650870694131223 0.2566006752242450
0.3061255640343602 0.3118441542906992
0.3914732249020223 0.3276188060508863
0.5303404749568792 0.3248916142023969
0.5565989315770818 0.3370093791526270
0.7271023031283181 0.2586662638498331
0.8068586172536456 0.2589352405570478
0.9316092211717584 0.3260047474335098
1.0000000000000000 0.3000000000000000
0.0000000000000000 0.4000000000000000
0.1221501781132952 0.3953118480795016
0.1821264845142227 0.3742259869421667
0.2734483211850998 0.3704800098862937
0.3748732940694348 0.4244904884540731
0.4883955323853361 0.4026711151097271
0.5931176339127808 0.4030609358941795
0.7347621981030777 0.3674183022510453
0.8318152971697148 0.4236197083478010
0.9082732930915631 0.4450345569674258
1.0000000000000000 0.4000000000000000
0.0000000000000000 0.5000000000000000
0.0542493164565702 0.4535111464800723
0.1756867531875084 0.5107772980465832
0.3313127395445622 0.5010235604211769
0.3994042948334858 0.4800923277343314
0.5148340492937004 0.4669171372103709
0.6488097930498760 0.5162877355601119
0.6961657564739944 0.4503865283373115
0.8354461019615284 0.5363931441291336
0.8597283890084719 0.4555212810278354
1.0000000000000000 0.5000000000000000
0.0000000000000000 0.6000000000000001
0.1342386918322452 0.5529407218239385
0.1844522109822443 0.6328813312188439
0.3054413799289101 0.5853686989888737
0.3609096747464202 0.5540708574794556
0.4914735908847276 0.5950276391708862
0.6337817691806759 0.5705715459316094
0.7421824471246817 0.6057321730224554
0.7630707792359911 0.5920295412634431
0.9009135907531920 0.6010747361599982
1.0000000000000000 0.6000000000000001
0.0000000000000000 0.7000000000000001
0.0542833051757054 0.7014624351277159
0.1793953911980391 0.7468167153622580
0.2790635169141928 0.6745313318017639
0.3952784470036197 0.7361375557171321
0.4582806336170190 0.7214160981179627
0.6188784957955196 0.6971466864493788
0.7393347229819416 0.6538101919144947
0.7950139798163669 0.7355045201776274
0.9162280590178623 0.6599946153582339
1.0000000000000000 0.7000000000000001
0.0000000000000000 0.8000000000000000
0.0699719531111200 0.8358113661372785
0.2223077015039110 0.8453828609368846
0.3223974923001422 0.7820297323146326
0.4350705994440943 0.8242491745876264
0.4742799770889279 0.7746270905721505
0.6334351270500220 0.7898018058598364
0.7495365775865933 0.7725089535288499
0.7646968882278107 0.7877944868514934
0.9130753218879786 0.8388797244706213
1.0000000000000000 0.8000000000000000
0.0000000000000000 0.9000000000000000
0.1078238717373725 0.8584264474810933
0.2402868218764153 0.8676542171672708
0.2844901996026160 0.9337388264805370
0.3659282744016338 0.9245717821028470
0.5119554153024644 0.8932178359274779
0.6237028715459857 0.8845920901523218
0.6682696779346567 0.8631305294636491
0.8149047619107730 0.8986750460132947
0.8719747931678863 0.9110261163038746
1.0000000000000000 0.9000000000000000
0.0000000000000000 1.0000000000000000
0.1000000000000000 1.0000000000000000
0.2000000000000000 1.0000000000000000
0.3000000000000000 1.0000000000000000
0.4000000000000000 1.0000000000000000
0.5000000000000000 1.0000000000000000
0.6000000000000001 1.0000000000000000
0.7000000000000001 1.0000000000000000
0.8000000000000000 1.0000000000000000
0.9000000000000000 1.0000000000000000
1.0000000000000000 1.0000000000000000
# element connectivity: number of elements followed by the connectivity (each line: nodes_per_element(nel) node1 node 2 ... node_nel)
100
4 1 2 13 12 
4 2 3 14 13 
4 3 4 15 14 
4 4 5 16 15 
4 5 6 17 16 
4 6 7 18 17 
4 7 8 19 18 
4 8 9 20 19 
4 9 10 21 20 
4 10 11 22 21 
4 12 13 24 23 
4 13 14 25 24 
4 14 15 26 25 
4 15 16 27 26 
4 16 17 28 27 
4 17 18 29 28 
4 18 19 30 29 
4 19 20 31 30 
4 20 21 32 31 
4 21 22 33 32 
4 23 24 35 34 
4 24 25 36 35 
4 25 26 37 36 
4 26 27 38 37 
4 27 28 39 38 
4 28 29 40 39 
4 29 30 41 40 
4 30 31 42 41 
4 31 32 43 42 
4 32 33 44 43 
4 34 35 46 45 
4 35 36 47 46 
4 36 37 48 47 
4 37 38 49 48 
4 38 39 50 49 
4 39 40 51 50 
4 40 41 52 51 
4 41 42 53 52 
4 42 43 54 53 
4 43 44 55 54 
4 45 46 57 56 
4 46 47 58 57 
4 47 48 59 58 
4 48 49 60 59 
4 49 50 61 60 
4 50 51 62 61 
4 51 52 63 62 
4 52 53 64 63 
4 53 54 65 64 
4 54 55 66 65 
4 56 57 68 67 
4 57 58 69 68 
4 58 59 70 69 
4 59 60 71 70 
4 60 61 72 71 
4 61 62 73 72 
4 62 63 74 73 
4 63 64 75 74 
4 64 65 76 75 
4 65 66 77 76 
4 67 68 79 78 
4 68 69 80 79 
4 69 70 81 80 
4 70 71 82 81 
4 71 72 83 82 
4 72 73 84 83 
4 73 74 85 84 
4 74 75 86 85 
4 75 76 87 86 
4 76 77 88 87 
4 78 79 90 89 
4 79 80 91 90 
4 80 81 92 91 
4 81 82 93 92 
4 82 83 94 93 
4 83 84 95 94 
4 84 85 96 95 
4 85 86 97 96 
4 86 87 98 97 
4 87 88 99 98 
4 89 90 101 100 
4 90 91 102 101 
4 91 92 103 102 
4 92 93 104 103 
4 93 94 105 104 
4 94 95 106 105 
4 95 96 107 106 
4 96 97 108 107 
4 97 98 109 108 
4 98 99 110 109 
4 100 101 112 111 
4 101 102 113 112 
4 102 103 114 113 
4 103 104 115 114 
4 104 105 116 115 
4 105 106 117 116 
4 106 107 118 117 
4 107 108 119 118 
4 108 109 120 119 
4 109 110 121 120 
# indices of nodes located on the bottom boundary
1 2 3 4 5 6 7 8 9 10 11 
# indices of nodes located on the top boundary
111 112 113 114 115 116 117 118 119 120 121 
# indices of nodes located on the left boundary
1 12 23 34 45 56 67 78 89 100 111 
# indices of nodes located on the right boundary
11 22 33 44 55 66 77 88 99 110 121 
# xmin, xmax, ymin, ymax of the bounding box
0 1 0 1
