# domain type
RectangularDomain
# nodal coordinates: number of nodes followed by the coordinates
202
0.5064038000000000 0.0000000000000000
0.5377537000000000 0.1495755000000000
0.4145565000000000 0.2196989000000000
0.3453941000000000 0.2047879000000000
0.4694079000000000 0.0090546270000000
0.4781623000000000 0.0000000000000000
0.1928592000000000 0.5859286000000000
0.1848202000000000 0.5408302000000000
0.2181104000000000 0.4514968000000000
0.2474884000000000 0.4374709000000000
0.3031449000000000 0.4633692000000000
0.3106989000000000 0.5153340000000000
0.2627878000000000 0.5950700000000000
0.9432632000000000 0.2355510000000000
0.8614553000000000 0.2096308000000000
0.8480534000000000 0.1865821000000000
0.8588915000000000 0.1502040000000000
1.0000000000000000 0.0913892300000000
1.0000000000000000 0.2411667000000000
0.4270695000000000 0.3320361000000000
0.4378877000000000 0.3874850000000000
0.3663302000000000 0.4166916000000000
0.3114695000000000 0.3146430000000000
0.4758331000000000 0.7412938000000000
0.5415237000000001 0.7492879000000000
0.5518489000000000 0.7545651000000000
0.4594864000000000 0.8571968000000000
0.4533106000000000 0.8416715000000000
0.1443377000000000 0.5056218000000000
0.1400039000000000 0.6268006000000000
0.0683294600000000 0.5330681000000000
0.7095004000000000 0.8775641000000000
0.7091689000000000 0.9188067000000000
0.6230580000000000 0.9282731000000000
0.5955134000000000 0.9018081000000000
0.5851212000000000 0.8481719000000000
0.6000858999999999 0.8177764000000000
0.6047439000000000 0.8175289000000000
0.0000000000000000 0.4879499000000000
0.0000000000000000 0.3289534000000000
0.0216936800000000 0.3356190000000000
0.0704838900000000 0.3697742000000000
0.0444046000000000 0.4641258000000000
0.0155090000000000 0.4848206000000000
0.7790055000000000 1.0000000000000000
0.7784207000000000 0.9972770000000000
0.8452566000000000 0.8462473000000000
0.9159086000000000 0.9406986000000001
0.8948536000000000 1.0000000000000000
0.3503838000000000 0.7503155000000000
0.3717792000000000 0.7553339999999999
0.3978537000000000 0.7989628000000000
0.3626361000000000 0.8343900000000000
0.3156570000000000 0.7825839999999999
0.7386587000000000 0.7545469000000000
0.6595354000000000 0.7047393000000000
0.6704299000000000 0.6796792000000000
0.7131502000000000 0.6542857000000000
0.7956879000000000 0.6855164000000000
0.7968923000000000 0.6874655000000000
0.7627949000000001 0.7570163000000000
0.1773340000000000 0.1982779000000000
0.2069157000000000 0.0919008300000000
0.2487218000000000 0.0866186200000000
0.2905166000000000 0.1198922000000000
0.3357753000000000 0.2064215000000000
0.2981390000000000 0.2564308000000000
0.5984580000000000 0.4400876000000000
0.5996190000000000 0.3953188000000000
0.6130487000000000 0.3526294000000000
0.6665795000000000 0.3554616000000000
0.6775282000000000 0.3680369000000000
0.6997070000000000 0.4406139000000000
0.6956992000000000 0.4528178000000000
0.6799061000000000 0.6306942000000000
0.4756678000000000 0.4268443000000000
0.4828415000000000 0.4971055000000000
0.4345620000000000 0.5233711000000000
0.3611016000000000 0.4290626000000000
0.4668097000000000 0.4066998000000000
0.8459341000000000 0.8405551999999999
0.7696164000000000 0.7753537000000000
0.1679173000000000 0.3478696000000000
0.1400993000000000 0.3490718000000000
0.1337159000000000 0.2812065000000000
0.2949122000000000 0.2812963000000000
0.2960737000000000 0.3026141000000000
0.2726627000000000 0.3259555000000000
0.2483424000000000 0.4259934000000000
0.8381988000000000 0.5680644000000000
0.8665091000000000 0.6689974000000000
0.7533069000000000 0.5642151000000000
0.4610808000000000 0.8670570000000000
0.5713853000000000 0.7590039000000000
0.9231090000000000 0.8356151000000001
0.9509042000000000 0.9146720000000000
0.9012255000000000 0.8237700000000000
0.4670890000000000 0.9883940000000000
0.4652320000000000 1.0000000000000000
0.3025434000000000 1.0000000000000000
0.3473730000000000 0.8827921000000000
0.3593920000000000 0.8781883000000000
0.4506554000000000 0.8904145000000000
0.4456612000000000 0.6486132000000000
0.4126539000000000 0.6198128000000001
0.4275768000000000 0.5324868000000000
0.5209804000000000 0.5090641000000000
0.5570238000000000 0.5716671000000000
0.5502826000000000 0.6189807000000001
0.5162746000000000 0.6379676000000000
0.0000000000000000 0.6657073999999999
0.1145451000000000 0.6659339000000000
0.1193900000000000 0.2440752000000000
0.1394596000000000 0.3500578000000000
0.6410425000000000 0.6257591000000000
0.6176029000000000 0.5590353000000000
0.6266706000000000 0.5534640000000000
0.6940043000000000 0.5836090000000000
0.6741825000000000 0.6180903000000000
0.6352068000000000 1.0000000000000000
0.6224426000000000 0.9327090000000000
0.7031786000000000 0.3203639000000000
0.7340406000000000 0.2106568000000000
0.7704254000000000 0.2067496000000000
0.7712187000000000 0.3342092000000000
0.3075205000000000 0.4600825000000000
0.3042624000000000 0.3094901000000000
0.2369151000000000 1.0000000000000000
0.2191792000000000 0.8966620000000000
0.2747504000000000 0.8378441000000000
0.8461973000000000 0.1214586000000000
0.8681141999999999 0.0000000000000000
1.0000000000000000 0.0000000000000000
0.9011068000000000 0.4167921000000000
0.9015082000000000 0.4064168000000000
1.0000000000000000 0.4482339000000000
1.0000000000000000 0.5249471999999999
0.4499544000000000 0.2963404000000000
0.2785151000000000 0.8002980000000000
0.1186952000000000 0.8313992000000000
0.1294349000000000 0.8002146999999999
0.2648044000000000 0.7876156000000000
0.5833150000000000 0.1998789000000000
0.6955626000000000 0.0000000000000000
0.7032767000000000 0.0154264500000000
0.6780171000000000 0.1861027000000000
0.2912478000000000 0.0000000000000000
0.9603764000000000 0.3024235000000000
1.0000000000000000 0.3228287000000000
0.0000000000000000 0.2018375000000000
0.1176735000000000 0.2323356000000000
0.0000000000000000 0.6901689000000000
0.0788131900000000 0.8548693000000001
0.0000000000000000 0.9197566000000000
0.1315359000000000 0.7041020000000000
0.1555960000000000 0.4150818000000000
0.3146412000000000 0.6446517000000000
0.4481900000000000 0.7148567000000000
0.8970177000000000 0.3879582000000000
0.8649167000000000 0.3593409000000000
0.8671429000000000 0.3360772000000000
1.0000000000000000 0.3580946000000000
0.5999582000000000 0.6578087000000000
0.6123029000000000 0.6981409000000000
0.5598124000000000 1.0000000000000000
0.5686600000000001 0.2965074000000000
0.1113724000000000 0.4657914000000000
0.7480737000000000 0.5467237000000000
0.7478408000000000 0.5567430000000000
0.6384324000000000 0.5155912000000000
0.9359261000000000 0.5631937000000000
0.8892604000000000 0.5261329000000000
0.8750974000000000 0.5010385000000001
1.0000000000000000 0.5561022000000000
0.2430035000000000 0.7309074000000000
0.8253784000000000 0.3721192000000000
0.7941501000000000 0.4014001000000000
0.8702962000000000 0.6687376000000000
0.9418769000000000 0.7191504000000000
1.0000000000000000 0.7134967000000000
0.5934491000000000 0.4591012000000000
0.6358797000000000 0.4985104000000000
0.7501542000000000 0.5378375000000000
0.7881693000000000 0.4965779000000000
1.0000000000000000 0.8357591000000000
1.0000000000000000 0.9211729000000000
0.0000000000000000 0.1239993000000000
0.0000000000000000 0.0406182100000000
0.1433049000000000 0.0486141700000000
0.1452934000000000 0.0550952500000000
0.1004025000000000 0.0951283800000000
0.6961338000000000 0.4716356000000000
0.1347137000000000 0.0000000000000000
0.4548209000000000 0.7222769000000000
0.5710081000000000 0.3029540000000000
0.1231682000000000 0.2266320000000000
0.7834158000000000 0.4288300000000000
0.3125824000000000 0.6439573000000000
0.4141697000000000 0.8086373000000000
1.0000000000000000 1.0000000000000000
0.0000000000000000 1.0000000000000000
0.0000000000000000 0.0000000000000000
# element connectivity: number of elements followed by the connectivity (each line: nodes_per_element(nel) node1 node 2 ... node_nel)
100
6 1 2 3 4 5 6 
7 7 8 9 10 11 12 13 
6 14 15 16 17 18 19 
4 20 21 22 23 
5 24 25 26 27 28 
5 29 8 7 30 31 
7 32 33 34 35 36 37 38 
6 39 40 41 42 43 44 
5 45 46 47 48 49 
5 50 51 52 53 54 
7 55 56 57 58 59 60 61 
6 62 63 64 65 66 67 
7 68 69 70 71 72 73 74 
3 75 58 57 
7 76 77 78 79 22 21 80 
6 81 47 46 33 32 82 
6 83 84 85 86 87 88 
3 83 88 89 
5 90 91 60 59 92 
6 93 27 26 94 37 36 
5 61 82 32 38 55 
6 95 96 48 47 81 97 
6 98 99 100 101 102 103 
5 36 35 98 103 93 
9 104 105 106 78 77 107 108 109 110 
6 111 39 44 31 30 112 
6 42 41 113 85 84 114 
5 115 116 117 118 119 
6 46 45 120 121 34 33 
4 122 123 124 125 
5 22 79 126 127 23 
5 101 100 128 129 130 
5 17 131 132 133 18 
4 134 135 136 137 
10 23 127 87 86 67 66 4 3 138 20 
6 139 130 129 140 141 142 
6 143 2 1 144 145 146 
5 65 64 147 6 5 
4 148 14 19 149 
5 150 151 113 41 40 
3 152 153 154 
7 141 140 153 152 111 112 155 
7 127 126 11 10 89 88 87 
7 89 10 9 156 114 84 83 
6 50 157 105 104 158 51 
6 159 160 161 148 149 162 
7 26 25 110 109 163 164 94 
3 121 120 165 
5 138 3 2 143 166 
5 156 9 8 29 167 
5 168 169 118 117 170 
6 99 98 35 34 121 165 
7 124 123 146 145 131 17 16 
6 171 172 173 134 137 174 
7 75 57 56 164 163 115 119 
4 175 142 141 155 
6 125 176 177 72 71 122 
5 91 90 172 171 178 
6 53 102 101 130 139 54 
5 179 178 171 174 180 
7 170 117 116 108 107 181 182 
6 37 94 164 56 55 38 
8 92 169 168 183 184 173 172 90 
4 96 95 185 186 
4 145 144 132 131 
5 187 188 189 190 191 
5 74 192 182 181 68 
6 63 190 189 193 147 64 
6 110 25 24 194 158 104 
6 166 195 80 21 20 138 
7 85 113 151 196 62 67 86 
6 197 184 183 192 74 73 
4 14 148 161 15 
5 63 62 196 191 190 
7 139 142 175 198 157 50 54 
6 12 11 126 79 78 106 
5 51 158 194 199 52 
5 43 42 114 156 167 
5 43 167 29 31 44 
7 155 112 30 7 13 198 175 
7 176 125 124 16 15 161 160 
5 186 200 49 48 96 
9 135 134 173 184 197 177 176 160 159 
7 169 92 59 58 75 119 118 
4 135 159 162 136 
5 76 80 195 70 69 
4 199 194 24 28 
8 81 82 61 60 91 178 179 97 
8 102 53 52 199 28 27 93 103 
6 140 129 128 201 154 153 
4 66 65 5 4 
5 170 182 192 183 168 
8 123 122 71 70 195 166 143 146 
4 73 72 177 197 
6 68 181 107 77 76 69 
5 187 191 196 151 150 
6 106 105 157 198 13 12 
5 95 97 179 180 185 
5 116 115 163 109 108 
4 202 193 189 188 
# indices of nodes located on the bottom boundary
1 6 132 133 144 147 193 202 
# indices of nodes located on the top boundary
45 49 99 100 120 128 165 200 201 
# indices of nodes located on the left boundary
39 40 111 150 152 154 187 188 201 202 
# indices of nodes located on the right boundary
18 19 133 136 137 149 162 174 180 185 186 200 
# xmin, xmax, ymin, ymax of the bounding box
0 1 0 1
