# domain type
RectangularDomain
# nodal coordinates: number of nodes followed by the coordinates
1089
0.0017418107099808 -0.0098614478825733
0.0222509638291350 -0.0132079122464788
0.0754312628368615 0.0064598505530291
0.0955559052110899 -0.0058303440644815
0.1145688613406922 0.0038280393524967
0.1714979604672655 -0.0102989992794724
0.1799310078303754 -0.0032250212927143
0.2054373365492793 0.0057530020925628
0.2469496353967551 0.0150886000435610
0.2781932495382026 0.0037709983499868
0.3016990564212272 -0.0037079623611103
0.3331604366202925 0.0080660134789818
0.3865972225598559 -0.0046632267223159
0.4120479908983605 -0.0064328551947547
0.4384571657455277 0.0103882308214120
0.4717965684960181 -0.0051465209154611
0.4937257819791596 -0.0014814830759586
0.5288326766631395 -0.0043873025633676
0.5643224749959155 0.0075795426781856
0.5913854619883029 -0.0022076316069936
0.6132772737099942 -0.0148614369984258
0.6496932895353352 -0.0057024817843992
0.6923028166864523 0.0142792476272089
0.7323665897745275 -0.0013160520670510
0.7418899499010027 0.0082468107589524
0.7893539807228468 0.0075202520305817
0.8201152606714789 -0.0123149869771011
0.8494237634521974 -0.0011481069189463
0.8660051001642167 -0.0125462894472466
0.9163617023102449 -0.0101559457068100
0.9269865596807810 0.0051871005128472
0.9810746679798201 0.0005174440109772
1.0063344470922024 -0.0108253007306437
0.0141705334339452 0.0325276275387961
0.0368666843190771 0.0167675943140142
0.0721626203529310 0.0390193397430062
0.0818808443120963 0.0320326613988315
0.1195573008988515 0.0327015449969709
0.1530900235119750 0.0285966683316577
0.1775230550079623 0.0236058356402516
0.2037667429580683 0.0444898628943877
0.2548031215315079 0.0447691741265176
0.2707347615164852 0.0444092892466312
0.3217080589183985 0.0336685686470828
0.3418761123675079 0.0236754292722637
0.3828733248083578 0.0227709213157969
0.3926308464809968 0.0396040472117680
0.4428500682923917 0.0379753910870575
0.4731894008885579 0.0287202591757776
0.4965863150688805 0.0411293782148538
0.5255446207392453 0.0410793679031454
0.5715335473418425 0.0422582465732452
0.5939261442991174 0.0354894184019180
0.6390904504805667 0.0294988798443378
0.6425005881181086 0.0427109342812287
0.6915996479459066 0.0267210516212140
0.7342813522377077 0.0226303593432227
0.7547640960302692 0.0345309575596331
0.7777264197338479 0.0200683487278283
0.7976604683034438 0.0287847579301638
0.8338781340446098 0.0383054771084204
0.8709488339535999 0.0419237527333814
0.9135696778497910 0.0334695585257618
0.9274017205507907 0.0455432507061164
0.9614163136310288 0.0445181529762375
0.9913678251467826 0.0272988689888327
-0.0128906140757317 0.0668786421327098
0.0212692777422846 0.0482828471085492
0.0694741712244717 0.0577324264244309
0.0987692757657157 0.0588708937834991
0.1289795782013584 0.0475515567071971
0.1690803121413446 0.0718924580087128
0.1951827338857100 0.0722847754253363
0.2151033224570478 0.0661649760098890
0.2523592143657130 0.0634391157739067
0.2742209298694355 0.0546446549894366
0.3109887115766242 0.0539910258133296
0.3532640494879085 0.0776907575592491
0.3603122484459184 0.0636145059583512
0.3933461631219029 0.0719403575173689
0.4527857784281356 0.0489670705749297
0.4824811988088917 0.0474430479261467
0.5057449566795736 0.0713667650026006
0.5323167989963352 0.0745424828415982
0.5749689030908168 0.0664355508150155
0.5824334060128924 0.0536812998035039
0.6150669086215761 0.0481818707491548
0.6439669268296939 0.0661388589089277
0.7012394065675334 0.0579517415927290
0.7159571590643599 0.0776359192807641
0.7639243496573520 0.0680201462010481
0.7965094456972902 0.0708384808505186
0.8073968520122337 0.0675744331374838
0.8357551652121962 0.0561096015884874
0.8806305741009532 0.0633702134505874
0.9034872972939855 0.0657074443136374
0.9453287517476168 0.0651104116956862
0.9703685160917490 0.0651115818361786
1.0003693724987024 0.0494560227187094
0.0068615667143591 0.1092548784780272
0.0267041970299038 0.1084768379744814
0.0577015237906362 0.1058294956800096
0.0923342145309971 0.0910446027819005
0.1161791271361656 0.0820517058550821
0.1502785810489630 0.1008157634895260
0.1963397522805976 0.0998058629683405
0.2034313203832207 0.1044754168128284
0.2631978749311336 0.1022173193960601
0.2669581204979703 0.0899433167828193
0.3188856132651052 0.1009222826720202
0.3351336584582661 0.0865329603679177
0.3804072239063787 0.0930466311789644
0.4101161378958576 0.0855139041450284
0.4274101173280724 0.1040513558030495
0.4770913021229770 0.1073274460349459
0.4877465282838864 0.0838196095500330
0.5187217275757018 0.0934301188101077
0.5529139165771522 0.1061216116810178
0.5812215515525567 0.0795051741175832
0.6267904736188988 0.1022654708496133
0.6503731267967584 0.0837182024785730
0.6824673649452412 0.0846920511576110
0.7190672662426640 0.1064488851020380
0.7540288730828849 0.0812979340253848
0.7778392110226986 0.0798317692257393
0.8125400910376005 0.0916162866213827
0.8592987609222559 0.1034875806561038
0.8745516146843131 0.1060764923614810
0.8949233310864708 0.0903126535764152
0.9508548820311914 0.1067966822630037
0.9754241878623223 0.0974480432381856
0.9951027465700421 0.1073758539590553
-0.0117258112293596 0.1322057925470533
0.0358274197633067 0.1354109995521655
0.0593213196318367 0.1328069440425199
0.1042256409524416 0.1194518874175706
0.1266331755268236 0.1399727853885591
0.1577908916568220 0.1197007378002063
0.1912334860993056 0.1206448928438188
0.2267659232344358 0.1223093983965684
0.2497607845120293 0.1310857260353941
0.2960229339087432 0.1196173425154190
0.3230563494712055 0.1324710071022978
0.3579429517618608 0.1103725821719993
0.3705271558182044 0.1300829323214754
0.3994219237233904 0.1165744708536707
0.4440977672243852 0.1288929036560409
0.4715815204037386 0.1300136864472688
0.4858610835348083 0.1202745252659393
0.5297293931361170 0.1169032811600035
0.5692201566655055 0.1361306966251965
0.5869221154724548 0.1322203384288669
0.6136800903912348 0.1355225869296787
0.6449563036169488 0.1277565432934217
0.6833174000142168 0.1345862357706596
0.7188681495555048 0.1246748230851048
0.7617827726057826 0.1204106816543424
0.7796701111428671 0.1394853214638571
0.7981968061848295 0.1397799479418948
0.8340377138475743 0.1302225093762523
0.8777012379587161 0.1304722630126599
0.9019069390373331 0.1287587008459714
0.9472234651593839 0.1099767961691919
0.9557460471338406 0.1398375520995278
1.0047296728879798 0.1166011817551360
-0.0030159017773566 0.1444381411953790
0.0240137131686651 0.1486826928160189
0.0572395387107072 0.1453823129019671
0.0890002393661286 0.1444268266971164
0.1370047830546769 0.1435711996895046
0.1696887695658590 0.1530943740323299
0.1733562956884110 0.1513241719737731
0.2261239424650051 0.1654588174166814
0.2514033093201460 0.1620694832182513
0.2935510217479250 0.1423372434349916
0.3063644181161567 0.1420684861353609
0.3342336488635562 0.1631301813286414
0.3819297897968530 0.1680562209734852
0.4088260301402316 0.1428338854808328
0.4507107678184091 0.1656366278859721
0.4620608392631363 0.1576144760262926
0.5151492574053316 0.1629899395977069
0.5418427999165625 0.1541643925314984
0.5615820223627044 0.1581472940951424
0.5865341107353437 0.1640318271138108
0.6251214929206402 0.1608378020710244
0.6502420494384669 0.1449601448774420
0.6867366541811738 0.1519518525255858
0.7277535446374546 0.1650092444013784
0.7552660066954233 0.1447969956144160
0.7662986214751093 0.1581200220585159
0.8062755943146716 0.1699815535585456
0.8587782386264643 0.1495818871529456
0.8844006339672354 0.1686284797322689
0.9092977055255572 0.1682505229913694
0.9513666106623685 0.1577861902318720
0.9758870882685736 0.1586486968080628
0.9851830459713481 0.1545790930714004
0.0045719361672080 0.1881625922710131
0.0272597706493598 0.2011604583231738
0.0727979007664536 0.1984089212485767
0.0897666949968606 0.1904120179755778
0.1366422676452362 0.2010469252658471
0.1615145085737930 0.1783367643104720
0.1923078310019559 0.1741266109756453
0.2158352160965426 0.1927166104127343
0.2635539268608103 0.1972171885074458
0.2807671334948434 0.1955234128145473
0.3099077329294614 0.2022433122809154
0.3589992094134635 0.1988796102822251
0.3715276179972634 0.1860856821262222
0.3983339749261900 0.1963882216570055
0.4494636751744704 0.2004284900404068
0.4705714038631961 0.1905896282108189
0.4890273975105484 0.1999910463917418
0.5296997993953786 0.1783022606082489
0.5749890934534088 0.1957057981054133
0.6057026971062593 0.1807796943132757
0.6304133120766331 0.1926337470130641
0.6444629685593601 0.1846037007205254
0.6804777172286153 0.1942709293949732
0.7119807619259042 0.1998812142765467
0.7602055903847987 0.1840633285254374
0.7811844669676309 0.1935876622710154
0.8229490312843730 0.1909259278023666
0.8460855362767628 0.1820638178413372
0.8736382687766171 0.1941811119760355
0.9182626576648748 0.1944017397130291
0.9224566492101995 0.1929617645977589
0.9668284007573911 0.1855568805989459
0.9880324006095518 0.1973338027974557
-0.0054732675427966 0.2108196285698326
0.0263347881601025 0.2148653793752996
0.0639548060338425 0.2206850048208118
0.0904944446445000 0.2155665899853542
0.1254802256003617 0.2236728294404972
0.1703410999457800 0.2256983910727343
0.1843774920425731 0.2291209793540566
0.2073230731790221 0.2050145866231196
0.2370077203848331 0.2082468224478034
0.2757568725091890 0.2125539617876452
0.2972400309728231 0.2199970341828008
0.3311053966446194 0.2077035892638197
0.3790981627192174 0.2299787628571495
0.4210694259762098 0.2209637008585057
0.4530265692054671 0.2204231741717354
0.4692330767137602 0.2134588145621958
0.4978125561997936 0.2184939454251170
0.5178449088722797 0.2308668504853974
0.5488947997203396 0.2167557798666078
0.6039571720818404 0.2154542088822823
0.6285460900532894 0.2287075229713190
0.6683198449707064 0.2322222383589757
0.6778370202502850 0.2112056953568366
0.7311833026512593 0.2216675581370659
0.7501200025577140 0.2222752996511112
0.7912319450697461 0.2197465365466539
0.8031898467671384 0.2173091708025163
0.8414972162443803 0.2333141484253750
0.8787517204416710 0.2248559359974376
0.9131301441255618 0.2139654746964879
0.9380309506414160 0.2205217072503782
0.9580154755973139 0.2206892514238055
1.0060876027846393 0.2164517354909449
0.0105084506461348 0.2572308458175604
0.0268759700651804 0.2485691366204187
0.0589496843310054 0.2586110825703292
0.1010709720526856 0.2478211826585674
0.1310547679416848 0.2639129214740144
0.1651322686947419 0.2564241205665959
0.1752916949851358 0.2465603330361402
0.2215907728251668 0.2487306264989477
0.2359481245855923 0.2415214870006319
0.2916934081580281 0.2348638966467665
0.3238659645329958 0.2368146579072636
0.3490325809400486 0.2500066038837844
0.3661873062109423 0.2522379914188778
0.3944434109663569 0.2553489447808954
0.4406120483788379 0.2361242549183684
0.4548857193294799 0.2391406449063272
0.4849881583364245 0.2479742358030297
0.5416319211025881 0.2536684428579402
0.5631290442284607 0.2613708819666754
0.5811780599425451 0.2627516313495865
0.6127505216917737 0.2505311486905295
0.6450986256901118 0.2518553303875939
0.6720181132483538 0.2583338124569215
0.7296471633268213 0.2630256646954293
0.7652177585869893 0.2501604094312132
0.7741069257630473 0.2375234534975386
0.8127452759634231 0.2526752851781837
0.8519652217472107 0.2369675827847045
0.8800498810338349 0.2505305942095691
0.8959702505476702 0.2637049332603701
0.9403275992857054 0.2481448337737762
0.9825599665722275 0.2548723068830356
0.9984983034143871 0.2606155443974897
0.0010194844523233 0.2829339708059773
0.0368770478151050 0.2770996845411677
0.0543528314435483 0.2837163591393467
0.1052152204585159 0.2783367737567258
0.1128942231570327 0.2794951823977174
0.1500057625379344 0.2781683391817029
0.1979176113579104 0.2782383957116752
0.2153179980665814 0.2768890279180920
0.2387579799771701 0.2737540685660138
0.2683379719020573 0.2790436667839314
0.3049150870240581 0.2749236057547225
0.3414018253657696 0.2693502268569152
0.3748458413687644 0.2877002258605488
0.3982366678962797 0.2901584400604377
0.4241902992769040 0.2779338570931780
0.4532310663426346 0.2725211528729070
0.4844156427718936 0.2715368647185855
0.5200776267131554 0.2740023749726055
0.5523403770417432 0.2699577803622686
0.5968401753239958 0.2937830595525852
0.6387306176838824 0.2725370142480962
0.6557084804811379 0.2773753473726486
0.6882431261551835 0.2739022685483934
0.7052611631397134 0.2792602211712532
0.7398079074176562 0.2664408471298408
0.7954586960650141 0.2790811412456068
0.8269237054094895 0.2894504526250935
0.8283546456594639 0.2868762075143793
0.8814359610702776 0.2857852745814807
0.9078846826408665 0.2724408978057275
0.9460114441754076 0.2727508851125141
0.9647145224679189 0.2934665256570529
1.0111367783665082 0.2782010484316702
-0.0056869025782270 0.3158948572073434
0.0440686008342026 0.3252843183687776
0.0653623252783574 0.3072678564792360
0.1047832384128100 0.3106999341575364
0.1376361086943108 0.2979118564360040
0.1572633275781291 0.3192655420782619
0.1774781826194309 0.3073916539312832
0.2089910296429771 0.3069352244744664
0.2469955222259440 0.3140176968705301
0.2671480810244458 0.3141478791618419
0.3054628564011719 0.3044219294291910
0.3357232868564547 0.3016924827865648
0.3892630112815008 0.3261144179848938
0.4162098261627576 0.3196331827444636
0.4273691165086103 0.3081365930325767
0.4590246866450501 0.2969124499012514
0.4942631098041420 0.3187380308249080
0.5351642243805950 0.3138456929794954
0.5605949126058647 0.3058571021088294
0.5938018470858341 0.3206733183021765
0.6332002515246473 0.3148767469217674
0.6639894636763036 0.3170479533119163
0.6757256099476409 0.3126374331278989
0.7139769160225511 0.2997546151501595
0.7389952958760162 0.3030678031583250
0.7866334449205447 0.3103597244656841
0.8185751221776423 0.3048995176021921
0.8284299578089113 0.3135088459706528
0.8681059989141552 0.3264446922974977
0.9189513520784376 0.3091463929991910
0.9226517260576522 0.3178573998928894
0.9792865823555330 0.3272343636972270
0.9861541526698515 0.3109476191479204
0.0025771969292590 0.3495824317030095
0.0381072735186249 0.3484387734976684
0.0695910797160204 0.3398077395574994
0.0962994401004021 0.3317537035243562
0.1111766987879648 0.3587426632492496
0.1495257414643943 0.3467179468377999
0.2019425322191019 0.3339305707315181
0.2091574942492821 0.3388013782701607
0.2635280592443150 0.3403333605192999
0.2741630221249989 0.3328733462452139
0.3092846513357329 0.3398350770922263
0.3322223345950939 0.3417200224342383
0.3622347864753941 0.3473320924379046
0.3909680966340879 0.3460393869769804
0.4465540580633051 0.3354802116609646
0.4671256160457516 0.3459174432276541
0.4862937950715890 0.3436340276762464
0.5356973510807905 0.3350395540664720
0.5730330139228713 0.3584711009825786
0.6045741527404117 0.3439374829965796
0.6180898628482885 0.3514567881821313
0.6480290745035272 0.3580420400505976
0.6912581261274303 0.3468831920471134
0.7085188906764897 0.3309483355669758
0.7423519438326122 0.3549553291018503
0.7940958454186811 0.3499885552258051
0.8195369485944809 0.3353089399642968
0.8461266705100423 0.3534571282814981
0.8719951052620021 0.3590137270999920
0.8934374629683403 0.3381544072702425
0.9378565293380993 0.3300189489552576
0.9758027476108077 0.3455173671425623
1.0009174969525392 0.3540619510010374
0.0112112198147439 0.3840321538535609
0.0255572829289446 0.3735064829300932
0.0703821240640607 0.3628081783047089
0.0815544490185595 0.3678088644907626
0.1257699170436347 0.3897703461555468
0.1628252714149428 0.3691206232858604
0.1809830352389915 0.3859486667929569
0.2316139820002454 0.3793523796023770
0.2423553218107639 0.3621458075010088
0.2918204871105383 0.3776474568519788
0.3265033979811257 0.3612821540372659
0.3463950407298472 0.3682846276768326
0.3852416304202582 0.3653433262717937
0.4044540613188401 0.3716691095739867
0.4477054368450864 0.3805272216699506
0.4596125948243744 0.3693157726921957
0.4885565932923789 0.3803582152961885
0.5334684711082002 0.3646802208133277
0.5514892430359918 0.3742524911958580
0.6065032005158422 0.3766304695848698
0.6104043716484336 0.3610582164511111
0.6657832258924656 0.3734804642094828
0.6838326946737487 0.3840513657403029
0.7145089646718685 0.3760109354687159
0.7566142720619146 0.3866086411873702
0.7758965503647571 0.3796911882936805
0.8273386296250862 0.3617489800404418
0.8464693489713366 0.3723089530554175
0.8690355133270709 0.3676198137977124
0.9143364457837564 0.3904754994103047
0.9277053576294177 0.3837857896417114
0.9592436869070854 0.3903862179118727
1.0094456740551341 0.3726320846844783
0.0071519958766054 0.4061985494538610
0.0409059458499701 0.4017659041712827
0.0491638573278065 0.4090934829773391
0.1065683697102544 0.3966801855052066
0.1228864934854499 0.4140362415333753
0.1418495152077370 0.4201976559314213
0.1957397913644925 0.4080881422034238
0.2088700920145554 0.4061859004693421
0.2505576750073141 0.4216950940826266
0.2923391150965836 0.4207001231159991
0.3180919065305323 0.4032344184001363
0.3573430964430641 0.4056088920510150
0.3666184878644724 0.4030090702659305
0.4126586710972747 0.4080799698300172
0.4455197094029490 0.4217337830798518
0.4832009813864573 0.4073458470392549
0.5144959415616160 0.3942383087244143
0.5172327591634439 0.4001359045511429
0.5650059947857098 0.4072176391355713
0.6062877528954107 0.4075172007865701
0.6228743940892714 0.4075833433573857
0.6628879626809225 0.3911460847793823
0.6969037775643078 0.3950784164038684
0.7180773272782145 0.3986511048181136
0.7459091152757769 0.4113051535426692
0.7709252754204473 0.3993370006387194
0.8030694310785574 0.3967209854151332
0.8383387390109367 0.4181355581368500
0.8740969332817421 0.4032490428803419
0.8962259836382327 0.4209039061296029
0.9346079918063319 0.4170152311401077
0.9723539092853390 0.4023940961885231
1.0117869296667843 0.4151516383525945
-0.0010951786464208 0.4473117789631542
0.0437013792868788 0.4352887044723384
0.0573227943631944 0.4405202220139139
0.1063122127720801 0.4438145765424898
0.1211704719397145 0.4448423726696880
0.1704407120772254 0.4388379097844860
0.1887533072612302 0.4315971762376251
0.2053510803726432 0.4275618895990319
0.2372809039647087 0.4363590389925701
0.2659166410008678 0.4504695597417434
0.3169606793479095 0.4219193455688251
0.3290745397654662 0.4283896944782912
0.3735926920313155 0.4258520635414104
0.3908952402461903 0.4445962375358915
0.4329411395642683 0.4462639358155008
0.4667705200511029 0.4355173369491334
0.4859129118861402 0.4234259969224810
0.5184718804816579 0.4404386572326288
0.5544088767240319 0.4481677844366295
0.6049128988778314 0.4519878812797298
0.6246531183175189 0.4287596906427698
0.6476940200262902 0.4386496188910258
0.6956909284128484 0.4327364734515237
0.7175384924809843 0.4418538675687299
0.7630417512770890 0.4269241429340728
0.7879886063802335 0.4399293398810128
0.8104155930377850 0.4495075869572217
0.8404078673555285 0.4274679735196166
0.8791666743850038 0.4413750173222608
0.9008731749054141 0.4469676661236949
0.9531086830823716 0.4525305675291296
0.9570949044435892 0.4291325045613060
0.9851135145830695 0.4408572690750580
-0.0121622087097766 0.4658581096211999
0.0432524002081863 0.4702541492961433
0.0584063461472380 0.4596358119629171
0.0919044773913851 0.4830061297554962
0.1132508098952514 0.4678363514333424
0.1674030102431935 0.4544809522364673
0.1934882857875408 0.4837182958335949
0.2119771218278793 0.4573056406248257
0.2557899901378965 0.4815454548671686
0.2847146556994763 0.4812494623885269
0.3029198047480966 0.4767007681715078
0.3389456473957742 0.4662070441969598
0.3642412446985904 0.4787187682477138
0.4101538602451962 0.4762050131753328
0.4470347631470923 0.4552257080488493
0.4828371973907989 0.4686742815944425
0.5079733095218913 0.4763251584586544
0.5415977992409411 0.4580156827109438
0.5611658975172316 0.4724406405029494
0.6072557298452204 0.4792215073612297
0.6373569848856985 0.4713287038958759
0.6588358376988059 0.4798414355928111
0.6729645531264978 0.4807943779839001
0.7158665878548744 0.4542619384514948
0.7576921232105538 0.4579633990859721
0.7701221352710896 0.4720612204163671
0.8048275263766053 0.4632548189064319
0.8406809661827187 0.4658241662937852
0.8714434730800286 0.4721813069949361
0.8958403350833202 0.4590028772873515
0.9248321521831927 0.4632245710237895
0.9771749040397605 0.4604411875768437
1.0075114209257583 0.4747755754322415
0.0101274441676994 0.5102492984106090
0.0247927479377623 0.4940427888257109
0.0632196812013123 0.4945405935154508
0.1041200784526896 0.5096967122107450
0.1267811956649565 0.4925926260540674
0.1618926938220141 0.4916766607950745
0.1861382926441597 0.4963927154534851
0.2199562949593132 0.5153657412800611
0.2579756375524322 0.5150142140446992
0.2729619575207140 0.5008924715172708
0.2984823766739659 0.5080273584682694
0.3469368676961097 0.5111615221600690
0.3902586606018161 0.5134213897633005
0.4034223416699630 0.4843856706943168
0.4387774475863451 0.4908665819373769
0.4599776121307009 0.4945564457104444
0.4873734192689870 0.5077354269293219
0.5390159049185403 0.5013531072839097
0.5574416348913767 0.5103854269256415
0.5953928805633112 0.5142982224050632
0.6372760412286875 0.4955157380352189
0.6577000591559965 0.4952088047267171
0.6913375872080978 0.5092695214158873
0.7264335906731453 0.4882980072298381
0.7600748127112193 0.4851609531696407
0.7785759025288760 0.5072314833741542
0.8212929375086239 0.4958526848478553
0.8514021205075523 0.5122583496322221
0.8669563558212396 0.4884249054949231
0.8976583713164973 0.4953129349687739
0.9308463941608180 0.5133590002243571
0.9547285549005249 0.5028958361001996
0.9894655906318042 0.5105751803022822
-0.0103887209308978 0.5313187692315460
0.0468540462195537 0.5267314734771212
0.0483461784234011 0.5223018932850250
0.0905574726282095 0.5260521306368842
0.1165500791240062 0.5448787555469397
0.1619746495218745 0.5456910561163395
0.1855616618010249 0.5450105204506533
0.2033073226428866 0.5346970946896836
0.2594086174051912 0.5229056729191766
0.2947646461225306 0.5394769617291795
0.3227015481157088 0.5335457371439021
0.3528931770037571 0.5259075373699765
0.3663581867539329 0.5253870731881016
0.4088913587040174 0.5415598169069226
0.4309519528608521 0.5282048247519726
0.4800642905760358 0.5348356109442625
0.5153496183853060 0.5219905898495507
0.5414752839045830 0.5367456755922742
0.5546546709387440 0.5304933008302979
0.5905961008352123 0.5343574452841067
0.6343913364313704 0.5189083991028491
0.6662950685664497 0.5419089478139194
0.6829533201375138 0.5290646707067448
0.7210074755753964 0.5375257728366012
0.7575771799058525 0.5393088797068996
0.7777852738615383 0.5290407026562449
0.8267607705468956 0.5335303552272026
0.8546788141943336 0.5242607911343194
0.8788226129735141 0.5340113026441731
0.9207333895564684 0.5183094592177266
0.9375155903626234 0.5319246773905643
0.9559426875677801 0.5438958274903164
1.0120121543284331 0.5293434270876747
0.0088038316536614 0.5515145319669815
0.0349942477269022 0.5550194899810756
0.0608017566074867 0.5732499847335918
0.0842564037103516 0.5563703632118017
0.1244779552416964 0.5574316263709695
0.1655776821725484 0.5777339867246672
0.1768452360850748 0.5542774932258142
0.2250698947708716 0.5586084894592983
0.2648032782085932 0.5772595486152643
0.2857405640444189 0.5737530899016925
0.3094338561877527 0.5666228374367955
0.3589136449817135 0.5643586689371024
0.3885497473700690 0.5693857251875234
0.4057512036503857 0.5668447216462884
0.4496136520590501 0.5530855234405913
0.4654801960611003 0.5778804782029783
0.4969484880292484 0.5674642650335291
0.5437921288448285 0.5779806805161839
0.5672863525342091 0.5502636383704849
0.5792535634623549 0.5661903512202179
0.6270982613093123 0.5769363955564164
0.6639407959193402 0.5675786280760963
0.6882285412003752 0.5549966962963874
0.7331873052161304 0.5637563761722975
0.7353209426068678 0.5686348269815977
0.7818661299350275 0.5487197048645152
0.8246886322883816 0.5571938200785631
0.8353031624334725 0.5504358950623497
0.8690913347954252 0.5540135100667418
0.9109999114755314 0.5489425038936977
0.9304822306206536 0.5556818824237771
0.9806270706164393 0.5607603237093510
1.0079973162783737 0.5657280117442296
0.0088520605438761 0.5816853324587008
0.0462051214112493 0.6046436461087359
0.0484577030522045 0.5926938073059573
0.0883016648421261 0.5978189101562422
0.1165718488680523 0.5962464054150403
0.1594736350137468 0.5968712217447768
0.1858883712619974 0.5792319831463372
0.2191817135949461 0.5908665675553949
0.2377514386442362 0.5924961134044473
0.2797150860523697 0.5953481354938881
0.3220438849064999 0.6000265647745644
0.3553823594975499 0.5797560047634032
0.3662400409814170 0.5924888128159802
0.4205791748790316 0.6028139174056074
0.4359960815325781 0.5885446308269021
0.4549717285212525 0.6012782907154246
0.5002123288767345 0.5843726691606048
0.5289747984719153 0.5833965712097585
0.5703654559642090 0.5896359638009000
0.6075568061012464 0.5786616419034599
0.6352829971493376 0.5977059679673524
0.6574608285986631 0.5984533636056268
0.6945821728845786 0.5810777676225181
0.7305491854471143 0.5785738169983120
0.7435719570889450 0.5837473399532576
0.7945716958811859 0.5802556386508448
0.8150341633618279 0.5980359757039133
0.8484771645239044 0.6051444378916735
0.8611235165439695 0.6036517241804328
0.9071538270727634 0.5998234550194513
0.9285126530088074 0.5951024983203078
0.9750787585047958 0.6080135799143896
0.9982669425897960 0.5807936822128952
-0.0138331203893357 0.6290453276906087
0.0405055958280768 0.6309747291518170
0.0576658706942239 0.6389630208487999
0.0943809474441087 0.6391816570374352
0.1116748636190062 0.6158447483772835
0.1648446191869365 0.6379433694138679
0.1963297077409469 0.6186104436301524
0.2078701788223276 0.6358722038223057
0.2589017059716609 0.6178384844422287
0.2727440845255042 0.6194069755340297
0.3227988063874740 0.6350681935812805
0.3459588390775587 0.6272446761321515
0.3683130710156056 0.6312229237281628
0.4155080607275493 0.6231746580047257
0.4358192378653507 0.6239269502614098
0.4618449746023317 0.6304804787005186
0.5126145164488606 0.6377664343390117
0.5389749045040848 0.6175159845963608
0.5684261825023159 0.6134947082961097
0.5819844010099937 0.6153407141638904
0.6139291281092591 0.6276576129771474
0.6429175528150146 0.6350726944432908
0.6944657179146395 0.6383080636880464
0.7185199562019307 0.6298400905765521
0.7621913586863027 0.6262039242021569
0.7744439113924444 0.6398736724337489
0.7980132973601712 0.6195701429081347
0.8585316757466507 0.6207822695408046
0.8690359255904974 0.6131535120181446
0.9192426782512747 0.6136086939275469
0.9322536841196356 0.6374212466374963
0.9687390243077273 0.6286027575692206
1.0025979052527703 0.6311954352071066
-0.0147083642889262 0.6571213339918327
0.0166272764506245 0.6664731975886349
0.0574995689525678 0.6670847174650165
0.0858146739720656 0.6587966016365041
0.1386774024710867 0.6421183528870333
0.1423118018490699 0.6412693135662497
0.1931712035686316 0.6593321414572886
0.2066884385786142 0.6655076672101826
0.2536828308481024 0.6428191726245924
0.2677899678927501 0.6448752308943778
0.3215278537392815 0.6435124518101196
0.3355583997502283 0.6482389972692745
0.3626506941455905 0.6674485237571487
0.4124437426931115 0.6635544416644775
0.4422040820142160 0.6567584551804415
0.4633246292215276 0.6613055061493281
0.4880489213944299 0.6452442941931752
0.5162426457415256 0.6707591165718613
0.5771991531879160 0.6444956408483381
0.5927315633367018 0.6611466876032648
0.6184432989572771 0.6642042699911342
0.6580661891049678 0.6539935186108893
0.6802248142898187 0.6641792523166582
0.7311992601564260 0.6633888760611808
0.7470884417079527 0.6699473700079280
0.7736071079668063 0.6572863512690257
0.8267110896992615 0.6489921105137531
0.8359401443934247 0.6696147725074796
0.8615181983923580 0.6499812620800270
0.9091119854423865 0.6469780982923855
0.9417463499652152 0.6655740705571955
0.9688031578863818 0.6609628792484107
1.0092485932986290 0.6479179302522364
0.0031512168260873 0.6753894493244778
0.0317426766623723 0.6980575215896948
0.0756496908749595 0.6874446227954799
0.0868003475707621 0.6922662487733842
0.1380405876187709 0.6878074829223355
0.1710684838688312 0.6780399669405410
0.1753495307434042 0.6811673216677694
0.2155130792363040 0.6850236151046404
0.2441086049265767 0.6935575990916321
0.2684959947897343 0.6844402693449076
0.3060994001259363 0.6814530243445743
0.3314237853354773 0.6904321126426334
0.3682102348826487 0.6767256756543594
0.3906455833620660 0.6807373567836994
0.4390878398431125 0.6990906934844902
0.4544454195416404 0.7001475619208227
0.4884679401989114 0.6979290296288458
0.5406396367155957 0.7005587528749575
0.5511657393264336 0.6876478849236702
0.5907799525036656 0.6772991300479599
0.6273494878896204 0.6908193103928995
0.6473264293879993 0.6881228829705137
0.7027870565512309 0.6871848488254185
0.7248397878495964 0.6847319321058677
0.7354617731281171 0.6810259861240167
0.7906700543055479 0.6827031872050962
0.7994786232757460 0.6878470740919643
0.8395885439953840 0.6949837345277340
0.8757731301231874 0.6970162774205854
0.9161534743452978 0.6777959838026699
0.9257404205270113 0.6975311399684694
0.9730593006253574 0.6723787438088192
1.0123735821137416 0.6879804705349993
0.0013913105733202 0.7220763190077665
0.0393886318075056 0.7298545897461531
0.0588396390103676 0.7057702871442882
0.1010585405869147 0.7134996666445135
0.1356171729648327 0.7147413533755174
0.1665067271885509 0.7086412071550487
0.1759224956573333 0.7306213619505587
0.2045024727646155 0.7245850005775251
0.2573054032791747 0.7167866386638956
0.2774949661533634 0.7337392949952054
0.3093435444566134 0.7168808410709178
0.3330252464857624 0.7133135713770756
0.3691894352710458 0.7310781457470080
0.3983445056020012 0.7128337192472702
0.4346521533763179 0.7252503404395017
0.4576136748456092 0.7303538145804069
0.4869736217735456 0.7175543074490041
0.5165746569894110 0.7266625166471516
0.5687513334228006 0.7098285076926247
0.5993720214226068 0.7205403962715603
0.6359587157059408 0.7205801716188401
0.6688054270014864 0.7162349282504120
0.6830665110246574 0.7184058599181089
0.7111238169063184 0.7321615396560124
0.7489611504440761 0.7110627453299045
0.7791005764774398 0.7250790628516357
0.8094478083745813 0.7088075024583027
0.8548828473795839 0.7213812882667687
0.8710493369587468 0.7100529545865124
0.8974685661784948 0.7194447638445469
0.9354194597964925 0.7262907496343298
0.9553265510102629 0.7296041698874119
1.0056212573299346 0.7073953600593306
0.0112000683930840 0.7406198163958461
0.0346043725551316 0.7513451557391996
0.0519476466260157 0.7345516583789640
0.1022339108489190 0.7582746111329793
0.1225334172613088 0.7361504119054260
0.1589295936010696 0.7398173513885635
0.1946440831426972 0.7510715953106571
0.2110332589922316 0.7630330233839245
0.2580685790536068 0.7620947103821254
0.2677749428469912 0.7401102561102449
0.3199085204558309 0.7561473391453039
0.3524060283033134 0.7500594818485545
0.3726717758750821 0.7534761603366970
0.4173678716050543 0.7553374096556320
0.4382372513972237 0.7437129815658444
0.4751240337078498 0.7463003398746526
0.5021151561812964 0.7621206548534759
0.5419671652811028 0.7624624548697559
0.5762188466077048 0.7598573486230858
0.5781674321495635 0.7344715842986708
0.6121084005099610 0.7425227297251350
0.6413374584575292 0.7476276505876838
0.6825332802784134 0.7512923104158657
0.7320677838307210 0.7437031077206012
0.7449401498078525 0.7612337533502122
0.7762649472114198 0.7386912625953153
0.8127437173547688 0.7611455149028653
0.8401348005588317 0.7561153414633991
0.8789970055559546 0.7484496298234977
0.9054255606905901 0.7640533235469854
0.9244842988059165 0.7431196537500067
0.9670939784167095 0.7527366019998536
1.0118010668254538 0.7490343912571569
-0.0019556726343212 0.7889432793742139
0.0302472020564921 0.7925258547205586
0.0614535003869215 0.7811907652225847
0.0933572079504827 0.7727958992108755
0.1120485072627830 0.7677307285502784
0.1683872167126431 0.7729114901771769
0.1987998674995115 0.7878667216564975
0.2304004060325892 0.7949375627162385
0.2387402899546094 0.7779343795265938
0.2962675884285955 0.7857748133120430
0.3248878056079355 0.7806947001698999
0.3285654085996570 0.7850900107635873
0.3665967300972229 0.7821073113367698
0.4132809987924137 0.7846067434732792
0.4402614514311016 0.7791698387510331
0.4607554029220945 0.7790300110555627
0.4846930454850555 0.7846506702826362
0.5455617246311675 0.7686077038609250
0.5479872051056296 0.7933198472289298
0.5858419176580467 0.7659035955079168
0.6348412584827512 0.7700156073921489
0.6681208262588750 0.7686055245653289
0.6828925031640199 0.7841693927433591
0.7214119262024560 0.7864900551307658
0.7546258473454908 0.7791677833543310
0.7699924612218518 0.7891227971242214
0.8044308372996006 0.7859518538274395
0.8549179394010771 0.7682615772201609
0.8897527863035263 0.7666081229862224
0.9167313922014019 0.7917410421303394
0.9234330469170497 0.7826839440278385
0.9825990574892337 0.7756710334334371
1.0095770876185417 0.7844187111016503
0.0090506395350950 0.8218495323451349
0.0171738989243191 0.8057249573075296
0.0672955257493739 0.8121767295415148
0.1085266324065876 0.8202653096867838
0.1271200359293377 0.8062176301080374
0.1486284306581824 0.8245801185753608
0.1858375269619625 0.8223746016655065
0.2061980406795199 0.8237372954211023
0.2352384065050367 0.8249736385705114
0.2937479843914430 0.8132533128005426
0.3006312347702230 0.8024310653694462
0.3501908623283942 0.8228549923870953
0.3604635568927415 0.8205574596995604
0.4205347555625364 0.8075897035936515
0.4418201159195221 0.8075939316240727
0.4598897311307044 0.8214437695947046
0.5069715612357960 0.8055887157746080
0.5338259821470150 0.8100314306677587
0.5497521470860740 0.7976258539064609
0.5934733063753552 0.8055708443797462
0.6199924113797207 0.8058546752973461
0.6459657261015462 0.8093519785712947
0.6936765490143093 0.8032398886602817
0.7239477027652972 0.8107208152940085
0.7479154770492406 0.8023512325748311
0.7716625722425122 0.8161381666139613
0.8052815814960433 0.8143649353629971
0.8576494997423221 0.8192022386171546
0.8806006142310627 0.8268556431658465
0.9148541972487183 0.8158664676975658
0.9515000737291672 0.7987388007370427
0.9615222607888373 0.8277087513743838
1.0085064603779383 0.8117298218736810
0.0056531111110610 0.8411542110916069
0.0275046625904119 0.8347896996586003
0.0588418121604420 0.8290521172346907
0.0928850332838773 0.8385428964638684
0.1398701501284372 0.8454826105818674
0.1670719886807366 0.8408769842000597
0.1863130676179341 0.8539470850264510
0.2341000999958983 0.8444983640394877
0.2632949028009828 0.8512194331725601
0.2833571892553725 0.8583993019669659
0.3226406068693413 0.8581127899686839
0.3483233145451257 0.8399866714200090
0.3742679587775103 0.8566215566406474
0.3910891829927460 0.8330216827260614
0.4366114961415578 0.8450934904639142
0.4549903447620565 0.8486884470508775
0.5121761032305950 0.8315510189411004
0.5293054098193161 0.8368821903002289
0.5776639472641001 0.8471487096042001
0.5860546627162014 0.8322692102140113
0.6264064028505757 0.8539938728584663
0.6667814459694632 0.8541671452198257
0.6782411073216849 0.8451380531015241
0.7304669600481984 0.8319062526928021
0.7611359615167895 0.8562430005925727
0.7724332851230147 0.8305305964042153
0.8116942237650585 0.8542196083042082
0.8427935469388074 0.8410553106015467
0.8750858207453125 0.8320449987499893
0.8947589164196231 0.8553273551606589
0.9407171931656839 0.8364156789391812
0.9801500806267792 0.8299409205694992
0.9986798089094402 0.8506940513781099
-0.0050312765126225 0.8719131205289473
0.0320931172560883 0.8873198660770161
0.0711987705722910 0.8615427375834064
0.0868370165194077 0.8712303073339396
0.1363960170744699 0.8724987615440843
0.1481211710466213 0.8780517036379275
0.1868563876125623 0.8874546094323500
0.2323346636848066 0.8849339635565974
0.2565284055906819 0.8826006428251408
0.2937409307036422 0.8614137439012404
0.3073722241045581 0.8595104710190249
0.3540029875984183 0.8752323555407242
0.3708175761296582 0.8664574911763866
0.4073384909249030 0.8684214020746739
0.4240115905451626 0.8620303357989665
0.4552606083791876 0.8721817655984532
0.4882306681971681 0.8732192685206949
0.5437168667801344 0.8704262188058018
0.5506305662360165 0.8771597195451158
0.6054697726989217 0.8702679680344966
0.6106850314033990 0.8638231162308873
0.6430185260898881 0.8825164559156528
0.6861414102287188 0.8802577911036102
0.7249764398625977 0.8772299128872112
0.7540216669360763 0.8868051226590641
0.7863234918633762 0.8867316753710875
0.8114849068386946 0.8637917508855207
0.8302542017885184 0.8816950752162460
0.8689995633807184 0.8803488741159863
0.9110131511069458 0.8759702761982844
0.9442220947425720 0.8751503319694713
0.9683749799532884 0.8749324471571875
1.0136242360413883 0.8715400525873914
-0.0119642135710132 0.8981382360616013
0.0370283904571608 0.9168516754706124
0.0771920197780636 0.8973490504001260
0.1018857295755699 0.9088782140580636
0.1219672367991013 0.9065637605549239
0.1561138818464078 0.9109802607041161
0.1951158170194670 0.9000610459102260
0.2059253729750664 0.9164364213276326
0.2465495940288029 0.9148532766646512
0.2712302842276242 0.8940425378036809
0.3251611980653636 0.9180109688725782
0.3593685176388985 0.9176329589392839
0.3605274225713710 0.9076463263127265
0.4218005056932367 0.9065940048201889
0.4491722554979913 0.8928194210105168
0.4839855855258749 0.9194597946733346
0.5020081537374931 0.9041081891773233
0.5261826426642654 0.9131476071202266
0.5473017364582292 0.9023143810242444
0.6069589131372553 0.9077024890009148
0.6241839646797539 0.9061417912012560
0.6502803462881060 0.9203386737137784
0.7025622900272819 0.9066738469857055
0.7341434318272523 0.9048701156895391
0.7476887775278781 0.8972879618374348
0.7716640462634149 0.9166485701865730
0.8195824093626550 0.9071795529345554
0.8540337730468540 0.9066210759793204
0.8766238076954546 0.8972901529379967
0.9089943945725854 0.8950863507921294
0.9235069852445360 0.9119783723533105
0.9721424837003727 0.8974892479619113
0.9970712481969171 0.9103096232738275
0.0017283632726704 0.9258618456886957
0.0209124478642379 0.9219062318161485
0.0599425772249101 0.9371401774648889
0.0831209013485147 0.9427137055382424
0.1099350115328517 0.9256148548912263
0.1703789159024373 0.9523704365916310
0.1728410793333877 0.9373088076172948
0.2300850665043384 0.9294648801966597
0.2604459426162125 0.9472997247625896
0.2852804095023634 0.9219449437050260
0.3087413731164667 0.9501376780153886
0.3493859895332714 0.9337132228351928
0.3791235847094480 0.9294771725772060
0.4084816584876217 0.9525540241805132
0.4484275630907974 0.9307326308027831
0.4744518020140693 0.9330663915931875
0.5152164615613078 0.9244995717423810
0.5234470589488032 0.9472295817285940
0.5495132219961901 0.9384766863669330
0.6031444680983734 0.9449632263100333
0.6138019681344519 0.9355591955595319
0.6515743866379209 0.9368280467874278
0.6902313562538780 0.9264314279756101
0.7314165814763863 0.9418810702603819
0.7394668616075210 0.9395597059688018
0.7947380042805373 0.9463469338651447
0.8183027230305934 0.9364443526557107
0.8362599404895791 0.9396646303461569
0.8671490832152524 0.9318531747350280
0.9190875697567794 0.9495381262810754
0.9467059195051829 0.9508065564739649
0.9587137484617462 0.9380481608823895
1.0039689161377909 0.9504119483094032
0.0051240079324627 0.9652872757185191
0.0387502369192547 0.9786760893658979
0.0656357747867654 0.9557811582657094
0.1069486875340642 0.9547999317286424
0.1258445297711677 0.9568391648943672
0.1525044684450314 0.9785260166567221
0.1795029973616153 0.9807632080966742
0.2253952123362234 0.9649421386900670
0.2421537378436229 0.9610266795387273
0.2896013623289667 0.9546831839077262
0.3182902677377784 0.9725086913172188
0.3514588946865226 0.9836642390108021
0.3713722972706442 0.9612564250723038
0.4180459230004414 0.9783154994847078
0.4362850337431156 0.9559675527476319
0.4707584007897874 0.9589807152858940
0.5009902995592104 0.9642197913054182
0.5254619845236091 0.9758356709013342
0.5629929018166731 0.9778326530597650
0.5845153931674674 0.9743158149237436
0.6110151732074383 0.9781616363238281
0.6618302699631036 0.9826877795338770
0.6747361919648385 0.9815136990805681
0.7190610324079126 0.9723407364106267
0.7442522250276863 0.9555464837973570
0.7922066895626159 0.9576414658421410
0.8084526810204379 0.9725747322837891
0.8592984969509804 0.9692920041639279
0.8903284754734474 0.9602042019548700
0.9030626620756317 0.9748927715472387
0.9238950237329225 0.9764894244493239
0.9662625134760254 0.9784786693824382
0.9962376651803316 0.9630958693817745
0.0151890958352067 1.0068181532878040
0.0285369799553093 0.9874571949138411
0.0698299726614503 1.0042908215735464
0.0804325586480021 0.9881408802000619
0.1400498815286370 0.9998999819305984
0.1413254267012548 0.9860572359052973
0.1762773061750575 1.0122960722418808
0.2176818772848765 1.0019017730666733
0.2498267608557312 0.9864932965151817
0.2936764544491778 0.9933926659025394
0.3052827129610474 1.0029435679821987
0.3429962195017596 0.9958847199397939
0.3798628465780156 1.0136937626813831
0.4100132870557498 0.9932137528629477
0.4282869141229058 0.9980979400498058
0.4539765693644005 1.0117557604987608
0.5034403826960767 0.9907372618839818
0.5318724007747000 0.9860570094421912
0.5738183572224025 0.9982167083141834
0.5952502861667394 1.0020894009934138
0.6306373434754471 0.9959805805654092
0.6430696471620526 0.9986359601140634
0.6733701187550094 1.0074455310008372
0.7043125479811237 1.0141951351362317
0.7575741354519879 1.0136702989700228
0.7816676245674267 0.9919032749711790
0.8049989149599022 1.0080929425419398
0.8591669613700471 0.9955220546851427
0.8829018075344690 0.9878140155347708
0.9092826634254501 0.9978311000100188
0.9447099380412997 0.9925367553303517
0.9560877400494864 0.9984676090403491
1.0043773284458670 0.9885012130427755
# element connectivity: number of elements followed by the connectivity (each line: nodes_per_element(nel) node1 node 2 ... node_nel)
1024
4 1 2 35 34 
4 2 3 36 35 
4 3 4 37 36 
4 4 5 38 37 
4 5 6 39 38 
4 6 7 40 39 
4 7 8 41 40 
4 8 9 42 41 
4 9 10 43 42 
4 10 11 44 43 
4 11 12 45 44 
4 12 13 46 45 
4 13 14 47 46 
4 14 15 48 47 
4 15 16 49 48 
4 16 17 50 49 
4 17 18 51 50 
4 18 19 52 51 
4 19 20 53 52 
4 20 21 54 53 
4 21 22 55 54 
4 22 23 56 55 
4 23 24 57 56 
4 24 25 58 57 
4 25 26 59 58 
4 26 27 60 59 
4 27 28 61 60 
4 28 29 62 61 
4 29 30 63 62 
4 30 31 64 63 
4 31 32 65 64 
4 32 33 66 65 
4 34 35 68 67 
4 35 36 69 68 
4 36 37 70 69 
4 37 38 71 70 
4 38 39 72 71 
4 39 40 73 72 
4 40 41 74 73 
4 41 42 75 74 
4 42 43 76 75 
4 43 44 77 76 
4 44 45 78 77 
4 45 46 79 78 
4 46 47 80 79 
4 47 48 81 80 
4 48 49 82 81 
4 49 50 83 82 
4 50 51 84 83 
4 51 52 85 84 
4 52 53 86 85 
4 53 54 87 86 
4 54 55 88 87 
4 55 56 89 88 
4 56 57 90 89 
4 57 58 91 90 
4 58 59 92 91 
4 59 60 93 92 
4 60 61 94 93 
4 61 62 95 94 
4 62 63 96 95 
4 63 64 97 96 
4 64 65 98 97 
4 65 66 99 98 
4 67 68 101 100 
4 68 69 102 101 
4 69 70 103 102 
4 70 71 104 103 
4 71 72 105 104 
4 72 73 106 105 
4 73 74 107 106 
4 74 75 108 107 
4 75 76 109 108 
4 76 77 110 109 
4 77 78 111 110 
4 78 79 112 111 
4 79 80 113 112 
4 80 81 114 113 
4 81 82 115 114 
4 82 83 116 115 
4 83 84 117 116 
4 84 85 118 117 
4 85 86 119 118 
4 86 87 120 119 
4 87 88 121 120 
4 88 89 122 121 
4 89 90 123 122 
4 90 91 124 123 
4 91 92 125 124 
4 92 93 126 125 
4 93 94 127 126 
4 94 95 128 127 
4 95 96 129 128 
4 96 97 130 129 
4 97 98 131 130 
4 98 99 132 131 
4 100 101 134 133 
4 101 102 135 134 
4 102 103 136 135 
4 103 104 137 136 
4 104 105 138 137 
4 105 106 139 138 
4 106 107 140 139 
4 107 108 141 140 
4 108 109 142 141 
4 109 110 143 142 
4 110 111 144 143 
4 111 112 145 144 
4 112 113 146 145 
4 113 114 147 146 
4 114 115 148 147 
4 115 116 149 148 
4 116 117 150 149 
4 117 118 151 150 
4 118 119 152 151 
4 119 120 153 152 
4 120 121 154 153 
4 121 122 155 154 
4 122 123 156 155 
4 123 124 157 156 
4 124 125 158 157 
4 125 126 159 158 
4 126 127 160 159 
4 127 128 161 160 
4 128 129 162 161 
4 129 130 163 162 
4 130 131 164 163 
4 131 132 165 164 
4 133 134 167 166 
4 134 135 168 167 
4 135 136 169 168 
4 136 137 170 169 
4 137 138 171 170 
4 138 139 172 171 
4 139 140 173 172 
4 140 141 174 173 
4 141 142 175 174 
4 142 143 176 175 
4 143 144 177 176 
4 144 145 178 177 
4 145 146 179 178 
4 146 147 180 179 
4 147 148 181 180 
4 148 149 182 181 
4 149 150 183 182 
4 150 151 184 183 
4 151 152 185 184 
4 152 153 186 185 
4 153 154 187 186 
4 154 155 188 187 
4 155 156 189 188 
4 156 157 190 189 
4 157 158 191 190 
4 158 159 192 191 
4 159 160 193 192 
4 160 161 194 193 
4 161 162 195 194 
4 162 163 196 195 
4 163 164 197 196 
4 164 165 198 197 
4 166 167 200 199 
4 167 168 201 200 
4 168 169 202 201 
4 169 170 203 202 
4 170 171 204 203 
4 171 172 205 204 
4 172 173 206 205 
4 173 174 207 206 
4 174 175 208 207 
4 175 176 209 208 
4 176 177 210 209 
4 177 178 211 210 
4 178 179 212 211 
4 179 180 213 212 
4 180 181 214 213 
4 181 182 215 214 
4 182 183 216 215 
4 183 184 217 216 
4 184 185 218 217 
4 185 186 219 218 
4 186 187 220 219 
4 187 188 221 220 
4 188 189 222 221 
4 189 190 223 222 
4 190 191 224 223 
4 191 192 225 224 
4 192 193 226 225 
4 193 194 227 226 
4 194 195 228 227 
4 195 196 229 228 
4 196 197 230 229 
4 197 198 231 230 
4 199 200 233 232 
4 200 201 234 233 
4 201 202 235 234 
4 202 203 236 235 
4 203 204 237 236 
4 204 205 238 237 
4 205 206 239 238 
4 206 207 240 239 
4 207 208 241 240 
4 208 209 242 241 
4 209 210 243 242 
4 210 211 244 243 
4 211 212 245 244 
4 212 213 246 245 
4 213 214 247 246 
4 214 215 248 247 
4 215 216 249 248 
4 216 217 250 249 
4 217 218 251 250 
4 218 219 252 251 
4 219 220 253 252 
4 220 221 254 253 
4 221 222 255 254 
4 222 223 256 255 
4 223 224 257 256 
4 224 225 258 257 
4 225 226 259 258 
4 226 227 260 259 
4 227 228 261 260 
4 228 229 262 261 
4 229 230 263 262 
4 230 231 264 263 
4 232 233 266 265 
4 233 234 267 266 
4 234 235 268 267 
4 235 236 269 268 
4 236 237 270 269 
4 237 238 271 270 
4 238 239 272 271 
4 239 240 273 272 
4 240 241 274 273 
4 241 242 275 274 
4 242 243 276 275 
4 243 244 277 276 
4 244 245 278 277 
4 245 246 279 278 
4 246 247 280 279 
4 247 248 281 280 
4 248 249 282 281 
4 249 250 283 282 
4 250 251 284 283 
4 251 252 285 284 
4 252 253 286 285 
4 253 254 287 286 
4 254 255 288 287 
4 255 256 289 288 
4 256 257 290 289 
4 257 258 291 290 
4 258 259 292 291 
4 259 260 293 292 
4 260 261 294 293 
4 261 262 295 294 
4 262 263 296 295 
4 263 264 297 296 
4 265 266 299 298 
4 266 267 300 299 
4 267 268 301 300 
4 268 269 302 301 
4 269 270 303 302 
4 270 271 304 303 
4 271 272 305 304 
4 272 273 306 305 
4 273 274 307 306 
4 274 275 308 307 
4 275 276 309 308 
4 276 277 310 309 
4 277 278 311 310 
4 278 279 312 311 
4 279 280 313 312 
4 280 281 314 313 
4 281 282 315 314 
4 282 283 316 315 
4 283 284 317 316 
4 284 285 318 317 
4 285 286 319 318 
4 286 287 320 319 
4 287 288 321 320 
4 288 289 322 321 
4 289 290 323 322 
4 290 291 324 323 
4 291 292 325 324 
4 292 293 326 325 
4 293 294 327 326 
4 294 295 328 327 
4 295 296 329 328 
4 296 297 330 329 
4 298 299 332 331 
4 299 300 333 332 
4 300 301 334 333 
4 301 302 335 334 
4 302 303 336 335 
4 303 304 337 336 
4 304 305 338 337 
4 305 306 339 338 
4 306 307 340 339 
4 307 308 341 340 
4 308 309 342 341 
4 309 310 343 342 
4 310 311 344 343 
4 311 312 345 344 
4 312 313 346 345 
4 313 314 347 346 
4 314 315 348 347 
4 315 316 349 348 
4 316 317 350 349 
4 317 318 351 350 
4 318 319 352 351 
4 319 320 353 352 
4 320 321 354 353 
4 321 322 355 354 
4 322 323 356 355 
4 323 324 357 356 
4 324 325 358 357 
4 325 326 359 358 
4 326 327 360 359 
4 327 328 361 360 
4 328 329 362 361 
4 329 330 363 362 
4 331 332 365 364 
4 332 333 366 365 
4 333 334 367 366 
4 334 335 368 367 
4 335 336 369 368 
4 336 337 370 369 
4 337 338 371 370 
4 338 339 372 371 
4 339 340 373 372 
4 340 341 374 373 
4 341 342 375 374 
4 342 343 376 375 
4 343 344 377 376 
4 344 345 378 377 
4 345 346 379 378 
4 346 347 380 379 
4 347 348 381 380 
4 348 349 382 381 
4 349 350 383 382 
4 350 351 384 383 
4 351 352 385 384 
4 352 353 386 385 
4 353 354 387 386 
4 354 355 388 387 
4 355 356 389 388 
4 356 357 390 389 
4 357 358 391 390 
4 358 359 392 391 
4 359 360 393 392 
4 360 361 394 393 
4 361 362 395 394 
4 362 363 396 395 
4 364 365 398 397 
4 365 366 399 398 
4 366 367 400 399 
4 367 368 401 400 
4 368 369 402 401 
4 369 370 403 402 
4 370 371 404 403 
4 371 372 405 404 
4 372 373 406 405 
4 373 374 407 406 
4 374 375 408 407 
4 375 376 409 408 
4 376 377 410 409 
4 377 378 411 410 
4 378 379 412 411 
4 379 380 413 412 
4 380 381 414 413 
4 381 382 415 414 
4 382 383 416 415 
4 383 384 417 416 
4 384 385 418 417 
4 385 386 419 418 
4 386 387 420 419 
4 387 388 421 420 
4 388 389 422 421 
4 389 390 423 422 
4 390 391 424 423 
4 391 392 425 424 
4 392 393 426 425 
4 393 394 427 426 
4 394 395 428 427 
4 395 396 429 428 
4 397 398 431 430 
4 398 399 432 431 
4 399 400 433 432 
4 400 401 434 433 
4 401 402 435 434 
4 402 403 436 435 
4 403 404 437 436 
4 404 405 438 437 
4 405 406 439 438 
4 406 407 440 439 
4 407 408 441 440 
4 408 409 442 441 
4 409 410 443 442 
4 410 411 444 443 
4 411 412 445 444 
4 412 413 446 445 
4 413 414 447 446 
4 414 415 448 447 
4 415 416 449 448 
4 416 417 450 449 
4 417 418 451 450 
4 418 419 452 451 
4 419 420 453 452 
4 420 421 454 453 
4 421 422 455 454 
4 422 423 456 455 
4 423 424 457 456 
4 424 425 458 457 
4 425 426 459 458 
4 426 427 460 459 
4 427 428 461 460 
4 428 429 462 461 
4 430 431 464 463 
4 431 432 465 464 
4 432 433 466 465 
4 433 434 467 466 
4 434 435 468 467 
4 435 436 469 468 
4 436 437 470 469 
4 437 438 471 470 
4 438 439 472 471 
4 439 440 473 472 
4 440 441 474 473 
4 441 442 475 474 
4 442 443 476 475 
4 443 444 477 476 
4 444 445 478 477 
4 445 446 479 478 
4 446 447 480 479 
4 447 448 481 480 
4 448 449 482 481 
4 449 450 483 482 
4 450 451 484 483 
4 451 452 485 484 
4 452 453 486 485 
4 453 454 487 486 
4 454 455 488 487 
4 455 456 489 488 
4 456 457 490 489 
4 457 458 491 490 
4 458 459 492 491 
4 459 460 493 492 
4 460 461 494 493 
4 461 462 495 494 
4 463 464 497 496 
4 464 465 498 497 
4 465 466 499 498 
4 466 467 500 499 
4 467 468 501 500 
4 468 469 502 501 
4 469 470 503 502 
4 470 471 504 503 
4 471 472 505 504 
4 472 473 506 505 
4 473 474 507 506 
4 474 475 508 507 
4 475 476 509 508 
4 476 477 510 509 
4 477 478 511 510 
4 478 479 512 511 
4 479 480 513 512 
4 480 481 514 513 
4 481 482 515 514 
4 482 483 516 515 
4 483 484 517 516 
4 484 485 518 517 
4 485 486 519 518 
4 486 487 520 519 
4 487 488 521 520 
4 488 489 522 521 
4 489 490 523 522 
4 490 491 524 523 
4 491 492 525 524 
4 492 493 526 525 
4 493 494 527 526 
4 494 495 528 527 
4 496 497 530 529 
4 497 498 531 530 
4 498 499 532 531 
4 499 500 533 532 
4 500 501 534 533 
4 501 502 535 534 
4 502 503 536 535 
4 503 504 537 536 
4 504 505 538 537 
4 505 506 539 538 
4 506 507 540 539 
4 507 508 541 540 
4 508 509 542 541 
4 509 510 543 542 
4 510 511 544 543 
4 511 512 545 544 
4 512 513 546 545 
4 513 514 547 546 
4 514 515 548 547 
4 515 516 549 548 
4 516 517 550 549 
4 517 518 551 550 
4 518 519 552 551 
4 519 520 553 552 
4 520 521 554 553 
4 521 522 555 554 
4 522 523 556 555 
4 523 524 557 556 
4 524 525 558 557 
4 525 526 559 558 
4 526 527 560 559 
4 527 528 561 560 
4 529 530 563 562 
4 530 531 564 563 
4 531 532 565 564 
4 532 533 566 565 
4 533 534 567 566 
4 534 535 568 567 
4 535 536 569 568 
4 536 537 570 569 
4 537 538 571 570 
4 538 539 572 571 
4 539 540 573 572 
4 540 541 574 573 
4 541 542 575 574 
4 542 543 576 575 
4 543 544 577 576 
4 544 545 578 577 
4 545 546 579 578 
4 546 547 580 579 
4 547 548 581 580 
4 548 549 582 581 
4 549 550 583 582 
4 550 551 584 583 
4 551 552 585 584 
4 552 553 586 585 
4 553 554 587 586 
4 554 555 588 587 
4 555 556 589 588 
4 556 557 590 589 
4 557 558 591 590 
4 558 559 592 591 
4 559 560 593 592 
4 560 561 594 593 
4 562 563 596 595 
4 563 564 597 596 
4 564 565 598 597 
4 565 566 599 598 
4 566 567 600 599 
4 567 568 601 600 
4 568 569 602 601 
4 569 570 603 602 
4 570 571 604 603 
4 571 572 605 604 
4 572 573 606 605 
4 573 574 607 606 
4 574 575 608 607 
4 575 576 609 608 
4 576 577 610 609 
4 577 578 611 610 
4 578 579 612 611 
4 579 580 613 612 
4 580 581 614 613 
4 581 582 615 614 
4 582 583 616 615 
4 583 584 617 616 
4 584 585 618 617 
4 585 586 619 618 
4 586 587 620 619 
4 587 588 621 620 
4 588 589 622 621 
4 589 590 623 622 
4 590 591 624 623 
4 591 592 625 624 
4 592 593 626 625 
4 593 594 627 626 
4 595 596 629 628 
4 596 597 630 629 
4 597 598 631 630 
4 598 599 632 631 
4 599 600 633 632 
4 600 601 634 633 
4 601 602 635 634 
4 602 603 636 635 
4 603 604 637 636 
4 604 605 638 637 
4 605 606 639 638 
4 606 607 640 639 
4 607 608 641 640 
4 608 609 642 641 
4 609 610 643 642 
4 610 611 644 643 
4 611 612 645 644 
4 612 613 646 645 
4 613 614 647 646 
4 614 615 648 647 
4 615 616 649 648 
4 616 617 650 649 
4 617 618 651 650 
4 618 619 652 651 
4 619 620 653 652 
4 620 621 654 653 
4 621 622 655 654 
4 622 623 656 655 
4 623 624 657 656 
4 624 625 658 657 
4 625 626 659 658 
4 626 627 660 659 
4 628 629 662 661 
4 629 630 663 662 
4 630 631 664 663 
4 631 632 665 664 
4 632 633 666 665 
4 633 634 667 666 
4 634 635 668 667 
4 635 636 669 668 
4 636 637 670 669 
4 637 638 671 670 
4 638 639 672 671 
4 639 640 673 672 
4 640 641 674 673 
4 641 642 675 674 
4 642 643 676 675 
4 643 644 677 676 
4 644 645 678 677 
4 645 646 679 678 
4 646 647 680 679 
4 647 648 681 680 
4 648 649 682 681 
4 649 650 683 682 
4 650 651 684 683 
4 651 652 685 684 
4 652 653 686 685 
4 653 654 687 686 
4 654 655 688 687 
4 655 656 689 688 
4 656 657 690 689 
4 657 658 691 690 
4 658 659 692 691 
4 659 660 693 692 
4 661 662 695 694 
4 662 663 696 695 
4 663 664 697 696 
4 664 665 698 697 
4 665 666 699 698 
4 666 667 700 699 
4 667 668 701 700 
4 668 669 702 701 
4 669 670 703 702 
4 670 671 704 703 
4 671 672 705 704 
4 672 673 706 705 
4 673 674 707 706 
4 674 675 708 707 
4 675 676 709 708 
4 676 677 710 709 
4 677 678 711 710 
4 678 679 712 711 
4 679 680 713 712 
4 680 681 714 713 
4 681 682 715 714 
4 682 683 716 715 
4 683 684 717 716 
4 684 685 718 717 
4 685 686 719 718 
4 686 687 720 719 
4 687 688 721 720 
4 688 689 722 721 
4 689 690 723 722 
4 690 691 724 723 
4 691 692 725 724 
4 692 693 726 725 
4 694 695 728 727 
4 695 696 729 728 
4 696 697 730 729 
4 697 698 731 730 
4 698 699 732 731 
4 699 700 733 732 
4 700 701 734 733 
4 701 702 735 734 
4 702 703 736 735 
4 703 704 737 736 
4 704 705 738 737 
4 705 706 739 738 
4 706 707 740 739 
4 707 708 741 740 
4 708 709 742 741 
4 709 710 743 742 
4 710 711 744 743 
4 711 712 745 744 
4 712 713 746 745 
4 713 714 747 746 
4 714 715 748 747 
4 715 716 749 748 
4 716 717 750 749 
4 717 718 751 750 
4 718 719 752 751 
4 719 720 753 752 
4 720 721 754 753 
4 721 722 755 754 
4 722 723 756 755 
4 723 724 757 756 
4 724 725 758 757 
4 725 726 759 758 
4 727 728 761 760 
4 728 729 762 761 
4 729 730 763 762 
4 730 731 764 763 
4 731 732 765 764 
4 732 733 766 765 
4 733 734 767 766 
4 734 735 768 767 
4 735 736 769 768 
4 736 737 770 769 
4 737 738 771 770 
4 738 739 772 771 
4 739 740 773 772 
4 740 741 774 773 
4 741 742 775 774 
4 742 743 776 775 
4 743 744 777 776 
4 744 745 778 777 
4 745 746 779 778 
4 746 747 780 779 
4 747 748 781 780 
4 748 749 782 781 
4 749 750 783 782 
4 750 751 784 783 
4 751 752 785 784 
4 752 753 786 785 
4 753 754 787 786 
4 754 755 788 787 
4 755 756 789 788 
4 756 757 790 789 
4 757 758 791 790 
4 758 759 792 791 
4 760 761 794 793 
4 761 762 795 794 
4 762 763 796 795 
4 763 764 797 796 
4 764 765 798 797 
4 765 766 799 798 
4 766 767 800 799 
4 767 768 801 800 
4 768 769 802 801 
4 769 770 803 802 
4 770 771 804 803 
4 771 772 805 804 
4 772 773 806 805 
4 773 774 807 806 
4 774 775 808 807 
4 775 776 809 808 
4 776 777 810 809 
4 777 778 811 810 
4 778 779 812 811 
4 779 780 813 812 
4 780 781 814 813 
4 781 782 815 814 
4 782 783 816 815 
4 783 784 817 816 
4 784 785 818 817 
4 785 786 819 818 
4 786 787 820 819 
4 787 788 821 820 
4 788 789 822 821 
4 789 790 823 822 
4 790 791 824 823 
4 791 792 825 824 
4 793 794 827 826 
4 794 795 828 827 
4 795 796 829 828 
4 796 797 830 829 
4 797 798 831 830 
4 798 799 832 831 
4 799 800 833 832 
4 800 801 834 833 
4 801 802 835 834 
4 802 803 836 835 
4 803 804 837 836 
4 804 805 838 837 
4 805 806 839 838 
4 806 807 840 839 
4 807 808 841 840 
4 808 809 842 841 
4 809 810 843 842 
4 810 811 844 843 
4 811 812 845 844 
4 812 813 846 845 
4 813 814 847 846 
4 814 815 848 847 
4 815 816 849 848 
4 816 817 850 849 
4 817 818 851 850 
4 818 819 852 851 
4 819 820 853 852 
4 820 821 854 853 
4 821 822 855 854 
4 822 823 856 855 
4 823 824 857 856 
4 824 825 858 857 
4 826 827 860 859 
4 827 828 861 860 
4 828 829 862 861 
4 829 830 863 862 
4 830 831 864 863 
4 831 832 865 864 
4 832 833 866 865 
4 833 834 867 866 
4 834 835 868 867 
4 835 836 869 868 
4 836 837 870 869 
4 837 838 871 870 
4 838 839 872 871 
4 839 840 873 872 
4 840 841 874 873 
4 841 842 875 874 
4 842 843 876 875 
4 843 844 877 876 
4 844 845 878 877 
4 845 846 879 878 
4 846 847 880 879 
4 847 848 881 880 
4 848 849 882 881 
4 849 850 883 882 
4 850 851 884 883 
4 851 852 885 884 
4 852 853 886 885 
4 853 854 887 886 
4 854 855 888 887 
4 855 856 889 888 
4 856 857 890 889 
4 857 858 891 890 
4 859 860 893 892 
4 860 861 894 893 
4 861 862 895 894 
4 862 863 896 895 
4 863 864 897 896 
4 864 865 898 897 
4 865 866 899 898 
4 866 867 900 899 
4 867 868 901 900 
4 868 869 902 901 
4 869 870 903 902 
4 870 871 904 903 
4 871 872 905 904 
4 872 873 906 905 
4 873 874 907 906 
4 874 875 908 907 
4 875 876 909 908 
4 876 877 910 909 
4 877 878 911 910 
4 878 879 912 911 
4 879 880 913 912 
4 880 881 914 913 
4 881 882 915 914 
4 882 883 916 915 
4 883 884 917 916 
4 884 885 918 917 
4 885 886 919 918 
4 886 887 920 919 
4 887 888 921 920 
4 888 889 922 921 
4 889 890 923 922 
4 890 891 924 923 
4 892 893 926 925 
4 893 894 927 926 
4 894 895 928 927 
4 895 896 929 928 
4 896 897 930 929 
4 897 898 931 930 
4 898 899 932 931 
4 899 900 933 932 
4 900 901 934 933 
4 901 902 935 934 
4 902 903 936 935 
4 903 904 937 936 
4 904 905 938 937 
4 905 906 939 938 
4 906 907 940 939 
4 907 908 941 940 
4 908 909 942 941 
4 909 910 943 942 
4 910 911 944 943 
4 911 912 945 944 
4 912 913 946 945 
4 913 914 947 946 
4 914 915 948 947 
4 915 916 949 948 
4 916 917 950 949 
4 917 918 951 950 
4 918 919 952 951 
4 919 920 953 952 
4 920 921 954 953 
4 921 922 955 954 
4 922 923 956 955 
4 923 924 957 956 
4 925 926 959 958 
4 926 927 960 959 
4 927 928 961 960 
4 928 929 962 961 
4 929 930 963 962 
4 930 931 964 963 
4 931 932 965 964 
4 932 933 966 965 
4 933 934 967 966 
4 934 935 968 967 
4 935 936 969 968 
4 936 937 970 969 
4 937 938 971 970 
4 938 939 972 971 
4 939 940 973 972 
4 940 941 974 973 
4 941 942 975 974 
4 942 943 976 975 
4 943 944 977 976 
4 944 945 978 977 
4 945 946 979 978 
4 946 947 980 979 
4 947 948 981 980 
4 948 949 982 981 
4 949 950 983 982 
4 950 951 984 983 
4 951 952 985 984 
4 952 953 986 985 
4 953 954 987 986 
4 954 955 988 987 
4 955 956 989 988 
4 956 957 990 989 
4 958 959 992 991 
4 959 960 993 992 
4 960 961 994 993 
4 961 962 995 994 
4 962 963 996 995 
4 963 964 997 996 
4 964 965 998 997 
4 965 966 999 998 
4 966 967 1000 999 
4 967 968 1001 1000 
4 968 969 1002 1001 
4 969 970 1003 1002 
4 970 971 1004 1003 
4 971 972 1005 1004 
4 972 973 1006 1005 
4 973 974 1007 1006 
4 974 975 1008 1007 
4 975 976 1009 1008 
4 976 977 1010 1009 
4 977 978 1011 1010 
4 978 979 1012 1011 
4 979 980 1013 1012 
4 980 981 1014 1013 
4 981 982 1015 1014 
4 982 983 1016 1015 
4 983 984 1017 1016 
4 984 985 1018 1017 
4 985 986 1019 1018 
4 986 987 1020 1019 
4 987 988 1021 1020 
4 988 989 1022 1021 
4 989 990 1023 1022 
4 991 992 1025 1024 
4 992 993 1026 1025 
4 993 994 1027 1026 
4 994 995 1028 1027 
4 995 996 1029 1028 
4 996 997 1030 1029 
4 997 998 1031 1030 
4 998 999 1032 1031 
4 999 1000 1033 1032 
4 1000 1001 1034 1033 
4 1001 1002 1035 1034 
4 1002 1003 1036 1035 
4 1003 1004 1037 1036 
4 1004 1005 1038 1037 
4 1005 1006 1039 1038 
4 1006 1007 1040 1039 
4 1007 1008 1041 1040 
4 1008 1009 1042 1041 
4 1009 1010 1043 1042 
4 1010 1011 1044 1043 
4 1011 1012 1045 1044 
4 1012 1013 1046 1045 
4 1013 1014 1047 1046 
4 1014 1015 1048 1047 
4 1015 1016 1049 1048 
4 1016 1017 1050 1049 
4 1017 1018 1051 1050 
4 1018 1019 1052 1051 
4 1019 1020 1053 1052 
4 1020 1021 1054 1053 
4 1021 1022 1055 1054 
4 1022 1023 1056 1055 
4 1024 1025 1058 1057 
4 1025 1026 1059 1058 
4 1026 1027 1060 1059 
4 1027 1028 1061 1060 
4 1028 1029 1062 1061 
4 1029 1030 1063 1062 
4 1030 1031 1064 1063 
4 1031 1032 1065 1064 
4 1032 1033 1066 1065 
4 1033 1034 1067 1066 
4 1034 1035 1068 1067 
4 1035 1036 1069 1068 
4 1036 1037 1070 1069 
4 1037 1038 1071 1070 
4 1038 1039 1072 1071 
4 1039 1040 1073 1072 
4 1040 1041 1074 1073 
4 1041 1042 1075 1074 
4 1042 1043 1076 1075 
4 1043 1044 1077 1076 
4 1044 1045 1078 1077 
4 1045 1046 1079 1078 
4 1046 1047 1080 1079 
4 1047 1048 1081 1080 
4 1048 1049 1082 1081 
4 1049 1050 1083 1082 
4 1050 1051 1084 1083 
4 1051 1052 1085 1084 
4 1052 1053 1086 1085 
4 1053 1054 1087 1086 
4 1054 1055 1088 1087 
4 1055 1056 1089 1088 
# indices of nodes located on the bottom boundary
1 2 3 4 5 6 7 8 9 10 11 12 13 14 15 16 17 18 19 20 21 22 23 24 25 26 27 28 29 30 31 32 33 
# indices of nodes located on the top boundary
1057 1058 1059 1060 1061 1062 1063 1064 1065 1066 1067 1068 1069 1070 1071 1072 1073 1074 1075 1076 1077 1078 1079 1080 1081 1082 1083 1084 1085 1086 1087 1088 1089 
# indices of nodes located on the left boundary
1 34 67 100 133 166 199 232 265 298 331 364 397 430 463 496 529 562 595 628 661 694 727 760 793 826 859 892 925 958 991 1024 1057 
# indices of nodes located on the right boundary
33 66 99 132 165 198 231 264 297 330 363 396 429 462 495 528 561 594 627 660 693 726 759 792 825 858 891 924 957 990 1023 1056 1089 
# xmin, xmax, ymin, ymax of the bounding box
0 1 0 1
