# domain type
RectangularDomain
# nodal coordinates: number of nodes followed by the coordinates
196
0.0000000000000000 0.0000000000000000
0.2000000000000000 0.0000000000000000
0.2000000000000000 0.2000000000000000
0.0000000000000000 0.2000000000000000
0.1000000000000000 0.0000000000000000
0.2000000000000000 0.1000000000000000
0.1000000000000000 0.2000000000000000
0.0000000000000000 0.1000000000000000
0.0900000000000000 0.0900000000000000
0.1100000000000000 0.0900000000000000
0.1100000000000000 0.1100000000000000
0.0900000000000000 0.1100000000000000
0.4000000000000000 0.0000000000000000
0.4000000000000000 0.2000000000000000
0.3000000000000000 0.0000000000000000
0.4000000000000000 0.1000000000000000
0.3000000000000000 0.2000000000000000
0.2900000000000000 0.0900000000000000
0.3100000000000001 0.0900000000000000
0.3100000000000001 0.1100000000000000
0.2900000000000000 0.1100000000000000
0.6000000000000001 0.0000000000000000
0.6000000000000001 0.2000000000000000
0.5000000000000001 0.0000000000000000
0.6000000000000001 0.1000000000000000
0.5000000000000001 0.2000000000000000
0.4900000000000001 0.0900000000000000
0.5100000000000001 0.0900000000000000
0.5100000000000001 0.1100000000000000
0.4900000000000001 0.1100000000000000
0.8000000000000000 0.0000000000000000
0.8000000000000000 0.2000000000000000
0.7000000000000001 0.0000000000000000
0.8000000000000000 0.1000000000000000
0.7000000000000001 0.2000000000000000
0.6900000000000001 0.0900000000000000
0.7100000000000001 0.0900000000000000
0.7100000000000001 0.1100000000000000
0.6900000000000001 0.1100000000000000
1.0000000000000000 0.0000000000000000
1.0000000000000000 0.2000000000000000
0.9000000000000000 0.0000000000000000
1.0000000000000000 0.1000000000000000
0.9000000000000000 0.2000000000000000
0.8900000000000000 0.0900000000000000
0.9100000000000000 0.0900000000000000
0.9100000000000000 0.1100000000000000
0.8900000000000000 0.1100000000000000
0.2000000000000000 0.4000000000000000
0.0000000000000000 0.4000000000000000
0.2000000000000000 0.3000000000000000
0.1000000000000000 0.4000000000000000
0.0000000000000000 0.3000000000000000
0.0900000000000000 0.2900000000000000
0.1100000000000000 0.2900000000000000
0.1100000000000000 0.3100000000000001
0.0900000000000000 0.3100000000000001
0.4000000000000000 0.4000000000000000
0.4000000000000000 0.3000000000000000
0.3000000000000000 0.4000000000000000
0.2900000000000000 0.2900000000000000
0.3100000000000001 0.2900000000000000
0.3100000000000001 0.3100000000000001
0.2900000000000000 0.3100000000000001
0.6000000000000001 0.4000000000000000
0.6000000000000001 0.3000000000000000
0.5000000000000001 0.4000000000000000
0.4900000000000001 0.2900000000000000
0.5100000000000001 0.2900000000000000
0.5100000000000001 0.3100000000000001
0.4900000000000001 0.3100000000000001
0.8000000000000000 0.4000000000000000
0.8000000000000000 0.3000000000000000
0.7000000000000001 0.4000000000000000
0.6900000000000001 0.2900000000000000
0.7100000000000001 0.2900000000000000
0.7100000000000001 0.3100000000000001
0.6900000000000001 0.3100000000000001
1.0000000000000000 0.4000000000000000
1.0000000000000000 0.3000000000000000
0.9000000000000000 0.4000000000000000
0.8900000000000000 0.2900000000000000
0.9100000000000000 0.2900000000000000
0.9100000000000000 0.3100000000000001
0.8900000000000000 0.3100000000000001
0.2000000000000000 0.6000000000000001
0.0000000000000000 0.6000000000000001
0.2000000000000000 0.5000000000000001
0.1000000000000000 0.6000000000000001
0.0000000000000000 0.5000000000000001
0.0900000000000000 0.4900000000000001
0.1100000000000000 0.4900000000000001
0.1100000000000000 0.5100000000000001
0.0900000000000000 0.5100000000000001
0.4000000000000000 0.6000000000000001
0.4000000000000000 0.5000000000000001
0.3000000000000000 0.6000000000000001
0.2900000000000000 0.4900000000000001
0.3100000000000001 0.4900000000000001
0.3100000000000001 0.5100000000000001
0.2900000000000000 0.5100000000000001
0.6000000000000001 0.6000000000000001
0.6000000000000001 0.5000000000000001
0.5000000000000001 0.6000000000000001
0.4900000000000001 0.4900000000000001
0.5100000000000001 0.4900000000000001
0.5100000000000001 0.5100000000000001
0.4900000000000001 0.5100000000000001
0.8000000000000000 0.6000000000000001
0.8000000000000000 0.5000000000000001
0.7000000000000001 0.6000000000000001
0.6900000000000001 0.4900000000000001
0.7100000000000001 0.4900000000000001
0.7100000000000001 0.5100000000000001
0.6900000000000001 0.5100000000000001
1.0000000000000000 0.6000000000000001
1.0000000000000000 0.5000000000000001
0.9000000000000000 0.6000000000000001
0.8900000000000000 0.4900000000000001
0.9100000000000000 0.4900000000000001
0.9100000000000000 0.5100000000000001
0.8900000000000000 0.5100000000000001
0.2000000000000000 0.8000000000000000
0.0000000000000000 0.8000000000000000
0.2000000000000000 0.7000000000000001
0.1000000000000000 0.8000000000000000
0.0000000000000000 0.7000000000000001
0.0900000000000000 0.6900000000000001
0.1100000000000000 0.6900000000000001
0.1100000000000000 0.7100000000000001
0.0900000000000000 0.7100000000000001
0.4000000000000000 0.8000000000000000
0.4000000000000000 0.7000000000000001
0.3000000000000000 0.8000000000000000
0.2900000000000000 0.6900000000000001
0.3100000000000001 0.6900000000000001
0.3100000000000001 0.7100000000000001
0.2900000000000000 0.7100000000000001
0.6000000000000001 0.8000000000000000
0.6000000000000001 0.7000000000000001
0.5000000000000001 0.8000000000000000
0.4900000000000001 0.6900000000000001
0.5100000000000001 0.6900000000000001
0.5100000000000001 0.7100000000000001
0.4900000000000001 0.7100000000000001
0.8000000000000000 0.8000000000000000
0.8000000000000000 0.7000000000000001
0.7000000000000001 0.8000000000000000
0.6900000000000001 0.6900000000000001
0.7100000000000001 0.6900000000000001
0.7100000000000001 0.7100000000000001
0.6900000000000001 0.7100000000000001
1.0000000000000000 0.8000000000000000
1.0000000000000000 0.7000000000000001
0.9000000000000000 0.8000000000000000
0.8900000000000000 0.6900000000000001
0.9100000000000000 0.6900000000000001
0.9100000000000000 0.7100000000000001
0.8900000000000000 0.7100000000000001
0.2000000000000000 1.0000000000000000
0.0000000000000000 1.0000000000000000
0.2000000000000000 0.9000000000000000
0.1000000000000000 1.0000000000000000
0.0000000000000000 0.9000000000000000
0.0900000000000000 0.8900000000000000
0.1100000000000000 0.8900000000000000
0.1100000000000000 0.9100000000000000
0.0900000000000000 0.9100000000000000
0.4000000000000000 1.0000000000000000
0.4000000000000000 0.9000000000000000
0.3000000000000000 1.0000000000000000
0.2900000000000000 0.8900000000000000
0.3100000000000001 0.8900000000000000
0.3100000000000001 0.9100000000000000
0.2900000000000000 0.9100000000000000
0.6000000000000001 1.0000000000000000
0.6000000000000001 0.9000000000000000
0.5000000000000001 1.0000000000000000
0.4900000000000001 0.8900000000000000
0.5100000000000001 0.8900000000000000
0.5100000000000001 0.9100000000000000
0.4900000000000001 0.9100000000000000
0.8000000000000000 1.0000000000000000
0.8000000000000000 0.9000000000000000
0.7000000000000001 1.0000000000000000
0.6900000000000001 0.8900000000000000
0.7100000000000001 0.8900000000000000
0.7100000000000001 0.9100000000000000
0.6900000000000001 0.9100000000000000
1.0000000000000000 1.0000000000000000
1.0000000000000000 0.9000000000000000
0.9000000000000000 1.0000000000000000
0.8900000000000000 0.8900000000000000
0.9100000000000000 0.8900000000000000
0.9100000000000000 0.9100000000000000
0.8900000000000000 0.9100000000000000
# element connectivity: number of elements followed by the connectivity (each line: nodes_per_element(nel) node1 node 2 ... node_nel)
125
4 1 5 9 8 
4 2 6 10 5 
4 3 7 11 6 
4 4 8 12 7 
8 5 10 6 11 7 12 8 9 
4 2 15 18 6 
4 13 16 19 15 
4 14 17 20 16 
4 3 6 21 17 
8 15 19 16 20 17 21 6 18 
4 13 24 27 16 
4 22 25 28 24 
4 23 26 29 25 
4 14 16 30 26 
8 24 28 25 29 26 30 16 27 
4 22 33 36 25 
4 31 34 37 33 
4 32 35 38 34 
4 23 25 39 35 
8 33 37 34 38 35 39 25 36 
4 31 42 45 34 
4 40 43 46 42 
4 41 44 47 43 
4 32 34 48 44 
8 42 46 43 47 44 48 34 45 
4 4 7 54 53 
4 3 51 55 7 
4 49 52 56 51 
4 50 53 57 52 
8 7 55 51 56 52 57 53 54 
4 3 17 61 51 
4 14 59 62 17 
4 58 60 63 59 
4 49 51 64 60 
8 17 62 59 63 60 64 51 61 
4 14 26 68 59 
4 23 66 69 26 
4 65 67 70 66 
4 58 59 71 67 
8 26 69 66 70 67 71 59 68 
4 23 35 75 66 
4 32 73 76 35 
4 72 74 77 73 
4 65 66 78 74 
8 35 76 73 77 74 78 66 75 
4 32 44 82 73 
4 41 80 83 44 
4 79 81 84 80 
4 72 73 85 81 
8 44 83 80 84 81 85 73 82 
4 50 52 91 90 
4 49 88 92 52 
4 86 89 93 88 
4 87 90 94 89 
8 52 92 88 93 89 94 90 91 
4 49 60 98 88 
4 58 96 99 60 
4 95 97 100 96 
4 86 88 101 97 
8 60 99 96 100 97 101 88 98 
4 58 67 105 96 
4 65 103 106 67 
4 102 104 107 103 
4 95 96 108 104 
8 67 106 103 107 104 108 96 105 
4 65 74 112 103 
4 72 110 113 74 
4 109 111 114 110 
4 102 103 115 111 
8 74 113 110 114 111 115 103 112 
4 72 81 119 110 
4 79 117 120 81 
4 116 118 121 117 
4 109 110 122 118 
8 81 120 117 121 118 122 110 119 
4 87 89 128 127 
4 86 125 129 89 
4 123 126 130 125 
4 124 127 131 126 
8 89 129 125 130 126 131 127 128 
4 86 97 135 125 
4 95 133 136 97 
4 132 134 137 133 
4 123 125 138 134 
8 97 136 133 137 134 138 125 135 
4 95 104 142 133 
4 102 140 143 104 
4 139 141 144 140 
4 132 133 145 141 
8 104 143 140 144 141 145 133 142 
4 102 111 149 140 
4 109 147 150 111 
4 146 148 151 147 
4 139 140 152 148 
8 111 150 147 151 148 152 140 149 
4 109 118 156 147 
4 116 154 157 118 
4 153 155 158 154 
4 146 147 159 155 
8 118 157 154 158 155 159 147 156 
4 124 126 165 164 
4 123 162 166 126 
4 160 163 167 162 
4 161 164 168 163 
8 126 166 162 167 163 168 164 165 
4 123 134 172 162 
4 132 170 173 134 
4 169 171 174 170 
4 160 162 175 171 
8 134 173 170 174 171 175 162 172 
4 132 141 179 170 
4 139 177 180 141 
4 176 178 181 177 
4 169 170 182 178 
8 141 180 177 181 178 182 170 179 
4 139 148 186 177 
4 146 184 187 148 
4 183 185 188 184 
4 176 177 189 185 
8 148 187 184 188 185 189 177 186 
4 146 155 193 184 
4 153 191 194 155 
4 190 192 195 191 
4 183 184 196 192 
8 155 194 191 195 192 196 184 193 
# indices of nodes located on the bottom boundary
1 2 5 13 15 22 24 31 33 40 42 
# indices of nodes located on the top boundary
160 161 163 169 171 176 178 183 185 190 192 
# indices of nodes located on the left boundary
1 4 8 50 53 87 90 124 127 161 164 
# indices of nodes located on the right boundary
40 41 43 79 80 116 117 153 154 190 191 
# xmin, xmax, ymin, ymax of the bounding box
0 1 0 1
