# domain type
RectangularDomain
# nodal coordinates: number of nodes followed by the coordinates
37
0.0000000000000000 0.0000000000000000
0.5000000000000000 0.0000000000000000
0.5000000000000000 0.5000000000000000
0.0000000000000000 0.5000000000000000
0.2500000000000000 0.0000000000000000
0.5000000000000000 0.2500000000000000
0.2500000000000000 0.5000000000000000
0.0000000000000000 0.2500000000000000
0.2475000000000000 0.2475000000000000
0.2525000000000000 0.2475000000000000
0.2525000000000000 0.2525000000000000
0.2475000000000000 0.2525000000000000
1.0000000000000000 0.0000000000000000
1.0000000000000000 0.5000000000000000
0.7500000000000000 0.0000000000000000
1.0000000000000000 0.2500000000000000
0.7500000000000000 0.5000000000000000
0.7475000000000001 0.2475000000000000
0.7524999999999999 0.2475000000000000
0.7524999999999999 0.2525000000000000
0.7475000000000001 0.2525000000000000
0.5000000000000000 1.0000000000000000
0.0000000000000000 1.0000000000000000
0.5000000000000000 0.7500000000000000
0.2500000000000000 1.0000000000000000
0.0000000000000000 0.7500000000000000
0.2475000000000000 0.7475000000000001
0.2525000000000000 0.7475000000000001
0.2525000000000000 0.7524999999999999
0.2475000000000000 0.7524999999999999
1.0000000000000000 1.0000000000000000
1.0000000000000000 0.7500000000000000
0.7500000000000000 1.0000000000000000
0.7475000000000001 0.7475000000000001
0.7524999999999999 0.7475000000000001
0.7524999999999999 0.7524999999999999
0.7475000000000001 0.7524999999999999
# element connectivity: number of elements followed by the connectivity (each line: nodes_per_element(nel) node1 node 2 ... node_nel)
20
4 1 5 9 8 
4 2 6 10 5 
4 3 7 11 6 
4 4 8 12 7 
8 5 10 6 11 7 12 8 9 
4 2 15 18 6 
4 13 16 19 15 
4 14 17 20 16 
4 3 6 21 17 
8 15 19 16 20 17 21 6 18 
4 4 7 27 26 
4 3 24 28 7 
4 22 25 29 24 
4 23 26 30 25 
8 7 28 24 29 25 30 26 27 
4 3 17 34 24 
4 14 32 35 17 
4 31 33 36 32 
4 22 24 37 33 
8 17 35 32 36 33 37 24 34 
# indices of nodes located on the bottom boundary
1 2 5 13 15 
# indices of nodes located on the top boundary
22 23 25 31 33 
# indices of nodes located on the left boundary
1 4 8 23 26 
# indices of nodes located on the right boundary
13 14 16 31 32 
# xmin, xmax, ymin, ymax of the bounding box
0 1 0 1
