# domain type
RectangularDomain
# nodal coordinates: number of nodes followed by the coordinates
129
0.0000000000000000 0.0000000000000000
0.2500000000000000 0.0000000000000000
0.2500000000000000 0.2500000000000000
0.0000000000000000 0.2500000000000000
0.1250000000000000 0.0000000000000000
0.2500000000000000 0.1250000000000000
0.1250000000000000 0.2500000000000000
0.0000000000000000 0.1250000000000000
0.1125000000000000 0.1125000000000000
0.1375000000000000 0.1125000000000000
0.1375000000000000 0.1375000000000000
0.1125000000000000 0.1375000000000000
0.5000000000000000 0.0000000000000000
0.5000000000000000 0.2500000000000000
0.3750000000000000 0.0000000000000000
0.5000000000000000 0.1250000000000000
0.3750000000000000 0.2500000000000000
0.3625000000000000 0.1125000000000000
0.3875000000000000 0.1125000000000000
0.3875000000000000 0.1375000000000000
0.3625000000000000 0.1375000000000000
0.7500000000000000 0.0000000000000000
0.7500000000000000 0.2500000000000000
0.6250000000000000 0.0000000000000000
0.7500000000000000 0.1250000000000000
0.6250000000000000 0.2500000000000000
0.6125000000000000 0.1125000000000000
0.6375000000000000 0.1125000000000000
0.6375000000000000 0.1375000000000000
0.6125000000000000 0.1375000000000000
1.0000000000000000 0.0000000000000000
1.0000000000000000 0.2500000000000000
0.8750000000000000 0.0000000000000000
1.0000000000000000 0.1250000000000000
0.8750000000000000 0.2500000000000000
0.8625000000000000 0.1125000000000000
0.8875000000000000 0.1125000000000000
0.8875000000000000 0.1375000000000000
0.8625000000000000 0.1375000000000000
0.2500000000000000 0.5000000000000000
0.0000000000000000 0.5000000000000000
0.2500000000000000 0.3750000000000000
0.1250000000000000 0.5000000000000000
0.0000000000000000 0.3750000000000000
0.1125000000000000 0.3625000000000000
0.1375000000000000 0.3625000000000000
0.1375000000000000 0.3875000000000000
0.1125000000000000 0.3875000000000000
0.5000000000000000 0.5000000000000000
0.5000000000000000 0.3750000000000000
0.3750000000000000 0.5000000000000000
0.3625000000000000 0.3625000000000000
0.3875000000000000 0.3625000000000000
0.3875000000000000 0.3875000000000000
0.3625000000000000 0.3875000000000000
0.7500000000000000 0.5000000000000000
0.7500000000000000 0.3750000000000000
0.6250000000000000 0.5000000000000000
0.6125000000000000 0.3625000000000000
0.6375000000000000 0.3625000000000000
0.6375000000000000 0.3875000000000000
0.6125000000000000 0.3875000000000000
1.0000000000000000 0.5000000000000000
1.0000000000000000 0.3750000000000000
0.8750000000000000 0.5000000000000000
0.8625000000000000 0.3625000000000000
0.8875000000000000 0.3625000000000000
0.8875000000000000 0.3875000000000000
0.8625000000000000 0.3875000000000000
0.2500000000000000 0.7500000000000000
0.0000000000000000 0.7500000000000000
0.2500000000000000 0.6250000000000000
0.1250000000000000 0.7500000000000000
0.0000000000000000 0.6250000000000000
0.1125000000000000 0.6125000000000000
0.1375000000000000 0.6125000000000000
0.1375000000000000 0.6375000000000000
0.1125000000000000 0.6375000000000000
0.5000000000000000 0.7500000000000000
0.5000000000000000 0.6250000000000000
0.3750000000000000 0.7500000000000000
0.3625000000000000 0.6125000000000000
0.3875000000000000 0.6125000000000000
0.3875000000000000 0.6375000000000000
0.3625000000000000 0.6375000000000000
0.7500000000000000 0.7500000000000000
0.7500000000000000 0.6250000000000000
0.6250000000000000 0.7500000000000000
0.6125000000000000 0.6125000000000000
0.6375000000000000 0.6125000000000000
0.6375000000000000 0.6375000000000000
0.6125000000000000 0.6375000000000000
1.0000000000000000 0.7500000000000000
1.0000000000000000 0.6250000000000000
0.8750000000000000 0.7500000000000000
0.8625000000000000 0.6125000000000000
0.8875000000000000 0.6125000000000000
0.8875000000000000 0.6375000000000000
0.8625000000000000 0.6375000000000000
0.2500000000000000 1.0000000000000000
0.0000000000000000 1.0000000000000000
0.2500000000000000 0.8750000000000000
0.1250000000000000 1.0000000000000000
0.0000000000000000 0.8750000000000000
0.1125000000000000 0.8625000000000000
0.1375000000000000 0.8625000000000000
0.1375000000000000 0.8875000000000000
0.1125000000000000 0.8875000000000000
0.5000000000000000 1.0000000000000000
0.5000000000000000 0.8750000000000000
0.3750000000000000 1.0000000000000000
0.3625000000000000 0.8625000000000000
0.3875000000000000 0.8625000000000000
0.3875000000000000 0.8875000000000000
0.3625000000000000 0.8875000000000000
0.7500000000000000 1.0000000000000000
0.7500000000000000 0.8750000000000000
0.6250000000000000 1.0000000000000000
0.6125000000000000 0.8625000000000000
0.6375000000000000 0.8625000000000000
0.6375000000000000 0.8875000000000000
0.6125000000000000 0.8875000000000000
1.0000000000000000 1.0000000000000000
1.0000000000000000 0.8750000000000000
0.8750000000000000 1.0000000000000000
0.8625000000000000 0.8625000000000000
0.8875000000000000 0.8625000000000000
0.8875000000000000 0.8875000000000000
0.8625000000000000 0.8875000000000000
# element connectivity: number of elements followed by the connectivity (each line: nodes_per_element(nel) node1 node 2 ... node_nel)
80
4 1 5 9 8 
4 2 6 10 5 
4 3 7 11 6 
4 4 8 12 7 
8 5 10 6 11 7 12 8 9 
4 2 15 18 6 
4 13 16 19 15 
4 14 17 20 16 
4 3 6 21 17 
8 15 19 16 20 17 21 6 18 
4 13 24 27 16 
4 22 25 28 24 
4 23 26 29 25 
4 14 16 30 26 
8 24 28 25 29 26 30 16 27 
4 22 33 36 25 
4 31 34 37 33 
4 32 35 38 34 
4 23 25 39 35 
8 33 37 34 38 35 39 25 36 
4 4 7 45 44 
4 3 42 46 7 
4 40 43 47 42 
4 41 44 48 43 
8 7 46 42 47 43 48 44 45 
4 3 17 52 42 
4 14 50 53 17 
4 49 51 54 50 
4 40 42 55 51 
8 17 53 50 54 51 55 42 52 
4 14 26 59 50 
4 23 57 60 26 
4 56 58 61 57 
4 49 50 62 58 
8 26 60 57 61 58 62 50 59 
4 23 35 66 57 
4 32 64 67 35 
4 63 65 68 64 
4 56 57 69 65 
8 35 67 64 68 65 69 57 66 
4 41 43 75 74 
4 40 72 76 43 
4 70 73 77 72 
4 71 74 78 73 
8 43 76 72 77 73 78 74 75 
4 40 51 82 72 
4 49 80 83 51 
4 79 81 84 80 
4 70 72 85 81 
8 51 83 80 84 81 85 72 82 
4 49 58 89 80 
4 56 87 90 58 
4 86 88 91 87 
4 79 80 92 88 
8 58 90 87 91 88 92 80 89 
4 56 65 96 87 
4 63 94 97 65 
4 93 95 98 94 
4 86 87 99 95 
8 65 97 94 98 95 99 87 96 
4 71 73 105 104 
4 70 102 106 73 
4 100 103 107 102 
4 101 104 108 103 
8 73 106 102 107 103 108 104 105 
4 70 81 112 102 
4 79 110 113 81 
4 109 111 114 110 
4 100 102 115 111 
8 81 113 110 114 111 115 102 112 
4 79 88 119 110 
4 86 117 120 88 
4 116 118 121 117 
4 109 110 122 118 
8 88 120 117 121 118 122 110 119 
4 86 95 126 117 
4 93 124 127 95 
4 123 125 128 124 
4 116 117 129 125 
8 95 127 124 128 125 129 117 126 
# indices of nodes located on the bottom boundary
1 2 5 13 15 22 24 31 33 
# indices of nodes located on the top boundary
100 101 103 109 111 116 118 123 125 
# indices of nodes located on the left boundary
1 4 8 41 44 71 74 101 104 
# indices of nodes located on the right boundary
31 32 34 63 64 93 94 123 124 
# xmin, xmax, ymin, ymax of the bounding box
0 1 0 1
