# domain type
RectangularDomain
# nodal coordinates: number of nodes followed by the coordinates
481
0.0000000000000000 0.0000000000000000
0.1250000000000000 0.0000000000000000
0.1250000000000000 0.1250000000000000
0.0000000000000000 0.1250000000000000
0.0625000000000000 0.0000000000000000
0.1250000000000000 0.0625000000000000
0.0625000000000000 0.1250000000000000
0.0000000000000000 0.0625000000000000
0.0624937500000000 0.0624937500000000
0.0625062500000000 0.0624937500000000
0.0625062500000000 0.0625062500000000
0.0624937500000000 0.0625062500000000
0.2500000000000000 0.0000000000000000
0.2500000000000000 0.1250000000000000
0.1875000000000000 0.0000000000000000
0.2500000000000000 0.0625000000000000
0.1875000000000000 0.1250000000000000
0.1874937500000000 0.0624937500000000
0.1875062500000000 0.0624937500000000
0.1875062500000000 0.0625062500000000
0.1874937500000000 0.0625062500000000
0.3750000000000000 0.0000000000000000
0.3750000000000000 0.1250000000000000
0.3125000000000000 0.0000000000000000
0.3750000000000000 0.0625000000000000
0.3125000000000000 0.1250000000000000
0.3124937500000000 0.0624937500000000
0.3125062500000000 0.0624937500000000
0.3125062500000000 0.0625062500000000
0.3124937500000000 0.0625062500000000
0.5000000000000000 0.0000000000000000
0.5000000000000000 0.1250000000000000
0.4375000000000000 0.0000000000000000
0.5000000000000000 0.0625000000000000
0.4375000000000000 0.1250000000000000
0.4374937500000000 0.0624937500000000
0.4375062500000000 0.0624937500000000
0.4375062500000000 0.0625062500000000
0.4374937500000000 0.0625062500000000
0.6250000000000000 0.0000000000000000
0.6250000000000000 0.1250000000000000
0.5625000000000000 0.0000000000000000
0.6250000000000000 0.0625000000000000
0.5625000000000000 0.1250000000000000
0.5624937500000000 0.0624937500000000
0.5625062500000000 0.0624937500000000
0.5625062500000000 0.0625062500000000
0.5624937500000000 0.0625062500000000
0.7500000000000000 0.0000000000000000
0.7500000000000000 0.1250000000000000
0.6875000000000000 0.0000000000000000
0.7500000000000000 0.0625000000000000
0.6875000000000000 0.1250000000000000
0.6874937500000000 0.0624937500000000
0.6875062500000000 0.0624937500000000
0.6875062500000000 0.0625062500000000
0.6874937500000000 0.0625062500000000
0.8750000000000000 0.0000000000000000
0.8750000000000000 0.1250000000000000
0.8125000000000000 0.0000000000000000
0.8750000000000000 0.0625000000000000
0.8125000000000000 0.1250000000000000
0.8124937500000000 0.0624937500000000
0.8125062500000000 0.0624937500000000
0.8125062500000000 0.0625062500000000
0.8124937500000000 0.0625062500000000
1.0000000000000000 0.0000000000000000
1.0000000000000000 0.1250000000000000
0.9375000000000000 0.0000000000000000
1.0000000000000000 0.0625000000000000
0.9375000000000000 0.1250000000000000
0.9374937500000000 0.0624937500000000
0.9375062500000000 0.0624937500000000
0.9375062500000000 0.0625062500000000
0.9374937500000000 0.0625062500000000
0.1250000000000000 0.2500000000000000
0.0000000000000000 0.2500000000000000
0.1250000000000000 0.1875000000000000
0.0625000000000000 0.2500000000000000
0.0000000000000000 0.1875000000000000
0.0624937500000000 0.1874937500000000
0.0625062500000000 0.1874937500000000
0.0625062500000000 0.1875062500000000
0.0624937500000000 0.1875062500000000
0.2500000000000000 0.2500000000000000
0.2500000000000000 0.1875000000000000
0.1875000000000000 0.2500000000000000
0.1874937500000000 0.1874937500000000
0.1875062500000000 0.1874937500000000
0.1875062500000000 0.1875062500000000
0.1874937500000000 0.1875062500000000
0.3750000000000000 0.2500000000000000
0.3750000000000000 0.1875000000000000
0.3125000000000000 0.2500000000000000
0.3124937500000000 0.1874937500000000
0.3125062500000000 0.1874937500000000
0.3125062500000000 0.1875062500000000
0.3124937500000000 0.1875062500000000
0.5000000000000000 0.2500000000000000
0.5000000000000000 0.1875000000000000
0.4375000000000000 0.2500000000000000
0.4374937500000000 0.1874937500000000
0.4375062500000000 0.1874937500000000
0.4375062500000000 0.1875062500000000
0.4374937500000000 0.1875062500000000
0.6250000000000000 0.2500000000000000
0.6250000000000000 0.1875000000000000
0.5625000000000000 0.2500000000000000
0.5624937500000000 0.1874937500000000
0.5625062500000000 0.1874937500000000
0.5625062500000000 0.1875062500000000
0.5624937500000000 0.1875062500000000
0.7500000000000000 0.2500000000000000
0.7500000000000000 0.1875000000000000
0.6875000000000000 0.2500000000000000
0.6874937500000000 0.1874937500000000
0.6875062500000000 0.1874937500000000
0.6875062500000000 0.1875062500000000
0.6874937500000000 0.1875062500000000
0.8750000000000000 0.2500000000000000
0.8750000000000000 0.1875000000000000
0.8125000000000000 0.2500000000000000
0.8124937500000000 0.1874937500000000
0.8125062500000000 0.1874937500000000
0.8125062500000000 0.1875062500000000
0.8124937500000000 0.1875062500000000
1.0000000000000000 0.2500000000000000
1.0000000000000000 0.1875000000000000
0.9375000000000000 0.2500000000000000
0.9374937500000000 0.1874937500000000
0.9375062500000000 0.1874937500000000
0.9375062500000000 0.1875062500000000
0.9374937500000000 0.1875062500000000
0.1250000000000000 0.3750000000000000
0.0000000000000000 0.3750000000000000
0.1250000000000000 0.3125000000000000
0.0625000000000000 0.3750000000000000
0.0000000000000000 0.3125000000000000
0.0624937500000000 0.3124937500000000
0.0625062500000000 0.3124937500000000
0.0625062500000000 0.3125062500000000
0.0624937500000000 0.3125062500000000
0.2500000000000000 0.3750000000000000
0.2500000000000000 0.3125000000000000
0.1875000000000000 0.3750000000000000
0.1874937500000000 0.3124937500000000
0.1875062500000000 0.3124937500000000
0.1875062500000000 0.3125062500000000
0.1874937500000000 0.3125062500000000
0.3750000000000000 0.3750000000000000
0.3750000000000000 0.3125000000000000
0.3125000000000000 0.3750000000000000
0.3124937500000000 0.3124937500000000
0.3125062500000000 0.3124937500000000
0.3125062500000000 0.3125062500000000
0.3124937500000000 0.3125062500000000
0.5000000000000000 0.3750000000000000
0.5000000000000000 0.3125000000000000
0.4375000000000000 0.3750000000000000
0.4374937500000000 0.3124937500000000
0.4375062500000000 0.3124937500000000
0.4375062500000000 0.3125062500000000
0.4374937500000000 0.3125062500000000
0.6250000000000000 0.3750000000000000
0.6250000000000000 0.3125000000000000
0.5625000000000000 0.3750000000000000
0.5624937500000000 0.3124937500000000
0.5625062500000000 0.3124937500000000
0.5625062500000000 0.3125062500000000
0.5624937500000000 0.3125062500000000
0.7500000000000000 0.3750000000000000
0.7500000000000000 0.3125000000000000
0.6875000000000000 0.3750000000000000
0.6874937500000000 0.3124937500000000
0.6875062500000000 0.3124937500000000
0.6875062500000000 0.3125062500000000
0.6874937500000000 0.3125062500000000
0.8750000000000000 0.3750000000000000
0.8750000000000000 0.3125000000000000
0.8125000000000000 0.3750000000000000
0.8124937500000000 0.3124937500000000
0.8125062500000000 0.3124937500000000
0.8125062500000000 0.3125062500000000
0.8124937500000000 0.3125062500000000
1.0000000000000000 0.3750000000000000
1.0000000000000000 0.3125000000000000
0.9375000000000000 0.3750000000000000
0.9374937500000000 0.3124937500000000
0.9375062500000000 0.3124937500000000
0.9375062500000000 0.3125062500000000
0.9374937500000000 0.3125062500000000
0.1250000000000000 0.5000000000000000
0.0000000000000000 0.5000000000000000
0.1250000000000000 0.4375000000000000
0.0625000000000000 0.5000000000000000
0.0000000000000000 0.4375000000000000
0.0624937500000000 0.4374937500000000
0.0625062500000000 0.4374937500000000
0.0625062500000000 0.4375062500000000
0.0624937500000000 0.4375062500000000
0.2500000000000000 0.5000000000000000
0.2500000000000000 0.4375000000000000
0.1875000000000000 0.5000000000000000
0.1874937500000000 0.4374937500000000
0.1875062500000000 0.4374937500000000
0.1875062500000000 0.4375062500000000
0.1874937500000000 0.4375062500000000
0.3750000000000000 0.5000000000000000
0.3750000000000000 0.4375000000000000
0.3125000000000000 0.5000000000000000
0.3124937500000000 0.4374937500000000
0.3125062500000000 0.4374937500000000
0.3125062500000000 0.4375062500000000
0.3124937500000000 0.4375062500000000
0.5000000000000000 0.5000000000000000
0.5000000000000000 0.4375000000000000
0.4375000000000000 0.5000000000000000
0.4374937500000000 0.4374937500000000
0.4375062500000000 0.4374937500000000
0.4375062500000000 0.4375062500000000
0.4374937500000000 0.4375062500000000
0.6250000000000000 0.5000000000000000
0.6250000000000000 0.4375000000000000
0.5625000000000000 0.5000000000000000
0.5624937500000000 0.4374937500000000
0.5625062500000000 0.4374937500000000
0.5625062500000000 0.4375062500000000
0.5624937500000000 0.4375062500000000
0.7500000000000000 0.5000000000000000
0.7500000000000000 0.4375000000000000
0.6875000000000000 0.5000000000000000
0.6874937500000000 0.4374937500000000
0.6875062500000000 0.4374937500000000
0.6875062500000000 0.4375062500000000
0.6874937500000000 0.4375062500000000
0.8750000000000000 0.5000000000000000
0.8750000000000000 0.4375000000000000
0.8125000000000000 0.5000000000000000
0.8124937500000000 0.4374937500000000
0.8125062500000000 0.4374937500000000
0.8125062500000000 0.4375062500000000
0.8124937500000000 0.4375062500000000
1.0000000000000000 0.5000000000000000
1.0000000000000000 0.4375000000000000
0.9375000000000000 0.5000000000000000
0.9374937500000000 0.4374937500000000
0.9375062500000000 0.4374937500000000
0.9375062500000000 0.4375062500000000
0.9374937500000000 0.4375062500000000
0.1250000000000000 0.6250000000000000
0.0000000000000000 0.6250000000000000
0.1250000000000000 0.5625000000000000
0.0625000000000000 0.6250000000000000
0.0000000000000000 0.5625000000000000
0.0624937500000000 0.5624937500000000
0.0625062500000000 0.5624937500000000
0.0625062500000000 0.5625062500000000
0.0624937500000000 0.5625062500000000
0.2500000000000000 0.6250000000000000
0.2500000000000000 0.5625000000000000
0.1875000000000000 0.6250000000000000
0.1874937500000000 0.5624937500000000
0.1875062500000000 0.5624937500000000
0.1875062500000000 0.5625062500000000
0.1874937500000000 0.5625062500000000
0.3750000000000000 0.6250000000000000
0.3750000000000000 0.5625000000000000
0.3125000000000000 0.6250000000000000
0.3124937500000000 0.5624937500000000
0.3125062500000000 0.5624937500000000
0.3125062500000000 0.5625062500000000
0.3124937500000000 0.5625062500000000
0.5000000000000000 0.6250000000000000
0.5000000000000000 0.5625000000000000
0.4375000000000000 0.6250000000000000
0.4374937500000000 0.5624937500000000
0.4375062500000000 0.5624937500000000
0.4375062500000000 0.5625062500000000
0.4374937500000000 0.5625062500000000
0.6250000000000000 0.6250000000000000
0.6250000000000000 0.5625000000000000
0.5625000000000000 0.6250000000000000
0.5624937500000000 0.5624937500000000
0.5625062500000000 0.5624937500000000
0.5625062500000000 0.5625062500000000
0.5624937500000000 0.5625062500000000
0.7500000000000000 0.6250000000000000
0.7500000000000000 0.5625000000000000
0.6875000000000000 0.6250000000000000
0.6874937500000000 0.5624937500000000
0.6875062500000000 0.5624937500000000
0.6875062500000000 0.5625062500000000
0.6874937500000000 0.5625062500000000
0.8750000000000000 0.6250000000000000
0.8750000000000000 0.5625000000000000
0.8125000000000000 0.6250000000000000
0.8124937500000000 0.5624937500000000
0.8125062500000000 0.5624937500000000
0.8125062500000000 0.5625062500000000
0.8124937500000000 0.5625062500000000
1.0000000000000000 0.6250000000000000
1.0000000000000000 0.5625000000000000
0.9375000000000000 0.6250000000000000
0.9374937500000000 0.5624937500000000
0.9375062500000000 0.5624937500000000
0.9375062500000000 0.5625062500000000
0.9374937500000000 0.5625062500000000
0.1250000000000000 0.7500000000000000
0.0000000000000000 0.7500000000000000
0.1250000000000000 0.6875000000000000
0.0625000000000000 0.7500000000000000
0.0000000000000000 0.6875000000000000
0.0624937500000000 0.6874937500000000
0.0625062500000000 0.6874937500000000
0.0625062500000000 0.6875062500000000
0.0624937500000000 0.6875062500000000
0.2500000000000000 0.7500000000000000
0.2500000000000000 0.6875000000000000
0.1875000000000000 0.7500000000000000
0.1874937500000000 0.6874937500000000
0.1875062500000000 0.6874937500000000
0.1875062500000000 0.6875062500000000
0.1874937500000000 0.6875062500000000
0.3750000000000000 0.7500000000000000
0.3750000000000000 0.6875000000000000
0.3125000000000000 0.7500000000000000
0.3124937500000000 0.6874937500000000
0.3125062500000000 0.6874937500000000
0.3125062500000000 0.6875062500000000
0.3124937500000000 0.6875062500000000
0.5000000000000000 0.7500000000000000
0.5000000000000000 0.6875000000000000
0.4375000000000000 0.7500000000000000
0.4374937500000000 0.6874937500000000
0.4375062500000000 0.6874937500000000
0.4375062500000000 0.6875062500000000
0.4374937500000000 0.6875062500000000
0.6250000000000000 0.7500000000000000
0.6250000000000000 0.6875000000000000
0.5625000000000000 0.7500000000000000
0.5624937500000000 0.6874937500000000
0.5625062500000000 0.6874937500000000
0.5625062500000000 0.6875062500000000
0.5624937500000000 0.6875062500000000
0.7500000000000000 0.7500000000000000
0.7500000000000000 0.6875000000000000
0.6875000000000000 0.7500000000000000
0.6874937500000000 0.6874937500000000
0.6875062500000000 0.6874937500000000
0.6875062500000000 0.6875062500000000
0.6874937500000000 0.6875062500000000
0.8750000000000000 0.7500000000000000
0.8750000000000000 0.6875000000000000
0.8125000000000000 0.7500000000000000
0.8124937500000000 0.6874937500000000
0.8125062500000000 0.6874937500000000
0.8125062500000000 0.6875062500000000
0.8124937500000000 0.6875062500000000
1.0000000000000000 0.7500000000000000
1.0000000000000000 0.6875000000000000
0.9375000000000000 0.7500000000000000
0.9374937500000000 0.6874937500000000
0.9375062500000000 0.6874937500000000
0.9375062500000000 0.6875062500000000
0.9374937500000000 0.6875062500000000
0.1250000000000000 0.8750000000000000
0.0000000000000000 0.8750000000000000
0.1250000000000000 0.8125000000000000
0.0625000000000000 0.8750000000000000
0.0000000000000000 0.8125000000000000
0.0624937500000000 0.8124937500000000
0.0625062500000000 0.8124937500000000
0.0625062500000000 0.8125062500000000
0.0624937500000000 0.8125062500000000
0.2500000000000000 0.8750000000000000
0.2500000000000000 0.8125000000000000
0.1875000000000000 0.8750000000000000
0.1874937500000000 0.8124937500000000
0.1875062500000000 0.8124937500000000
0.1875062500000000 0.8125062500000000
0.1874937500000000 0.8125062500000000
0.3750000000000000 0.8750000000000000
0.3750000000000000 0.8125000000000000
0.3125000000000000 0.8750000000000000
0.3124937500000000 0.8124937500000000
0.3125062500000000 0.8124937500000000
0.3125062500000000 0.8125062500000000
0.3124937500000000 0.8125062500000000
0.5000000000000000 0.8750000000000000
0.5000000000000000 0.8125000000000000
0.4375000000000000 0.8750000000000000
0.4374937500000000 0.8124937500000000
0.4375062500000000 0.8124937500000000
0.4375062500000000 0.8125062500000000
0.4374937500000000 0.8125062500000000
0.6250000000000000 0.8750000000000000
0.6250000000000000 0.8125000000000000
0.5625000000000000 0.8750000000000000
0.5624937500000000 0.8124937500000000
0.5625062500000000 0.8124937500000000
0.5625062500000000 0.8125062500000000
0.5624937500000000 0.8125062500000000
0.7500000000000000 0.8750000000000000
0.7500000000000000 0.8125000000000000
0.6875000000000000 0.8750000000000000
0.6874937500000000 0.8124937500000000
0.6875062500000000 0.8124937500000000
0.6875062500000000 0.8125062500000000
0.6874937500000000 0.8125062500000000
0.8750000000000000 0.8750000000000000
0.8750000000000000 0.8125000000000000
0.8125000000000000 0.8750000000000000
0.8124937500000000 0.8124937500000000
0.8125062500000000 0.8124937500000000
0.8125062500000000 0.8125062500000000
0.8124937500000000 0.8125062500000000
1.0000000000000000 0.8750000000000000
1.0000000000000000 0.8125000000000000
0.9375000000000000 0.8750000000000000
0.9374937500000000 0.8124937500000000
0.9375062500000000 0.8124937500000000
0.9375062500000000 0.8125062500000000
0.9374937500000000 0.8125062500000000
0.1250000000000000 1.0000000000000000
0.0000000000000000 1.0000000000000000
0.1250000000000000 0.9375000000000000
0.0625000000000000 1.0000000000000000
0.0000000000000000 0.9375000000000000
0.0624937500000000 0.9374937500000000
0.0625062500000000 0.9374937500000000
0.0625062500000000 0.9375062500000000
0.0624937500000000 0.9375062500000000
0.2500000000000000 1.0000000000000000
0.2500000000000000 0.9375000000000000
0.1875000000000000 1.0000000000000000
0.1874937500000000 0.9374937500000000
0.1875062500000000 0.9374937500000000
0.1875062500000000 0.9375062500000000
0.1874937500000000 0.9375062500000000
0.3750000000000000 1.0000000000000000
0.3750000000000000 0.9375000000000000
0.3125000000000000 1.0000000000000000
0.3124937500000000 0.9374937500000000
0.3125062500000000 0.9374937500000000
0.3125062500000000 0.9375062500000000
0.3124937500000000 0.9375062500000000
0.5000000000000000 1.0000000000000000
0.5000000000000000 0.9375000000000000
0.4375000000000000 1.0000000000000000
0.4374937500000000 0.9374937500000000
0.4375062500000000 0.9374937500000000
0.4375062500000000 0.9375062500000000
0.4374937500000000 0.9375062500000000
0.6250000000000000 1.0000000000000000
0.6250000000000000 0.9375000000000000
0.5625000000000000 1.0000000000000000
0.5624937500000000 0.9374937500000000
0.5625062500000000 0.9374937500000000
0.5625062500000000 0.9375062500000000
0.5624937500000000 0.9375062500000000
0.7500000000000000 1.0000000000000000
0.7500000000000000 0.9375000000000000
0.6875000000000000 1.0000000000000000
0.6874937500000000 0.9374937500000000
0.6875062500000000 0.9374937500000000
0.6875062500000000 0.9375062500000000
0.6874937500000000 0.9375062500000000
0.8750000000000000 1.0000000000000000
0.8750000000000000 0.9375000000000000
0.8125000000000000 1.0000000000000000
0.8124937500000000 0.9374937500000000
0.8125062500000000 0.9374937500000000
0.8125062500000000 0.9375062500000000
0.8124937500000000 0.9375062500000000
1.0000000000000000 1.0000000000000000
1.0000000000000000 0.9375000000000000
0.9375000000000000 1.0000000000000000
0.9374937500000000 0.9374937500000000
0.9375062500000000 0.9374937500000000
0.9375062500000000 0.9375062500000000
0.9374937500000000 0.9375062500000000
# element connectivity: number of elements followed by the connectivity (each line: nodes_per_element(nel) node1 node 2 ... node_nel)
320
4 1 5 9 8 
4 2 6 10 5 
4 3 7 11 6 
4 4 8 12 7 
8 5 10 6 11 7 12 8 9 
4 2 15 18 6 
4 13 16 19 15 
4 14 17 20 16 
4 3 6 21 17 
8 15 19 16 20 17 21 6 18 
4 13 24 27 16 
4 22 25 28 24 
4 23 26 29 25 
4 14 16 30 26 
8 24 28 25 29 26 30 16 27 
4 22 33 36 25 
4 31 34 37 33 
4 32 35 38 34 
4 23 25 39 35 
8 33 37 34 38 35 39 25 36 
4 31 42 45 34 
4 40 43 46 42 
4 41 44 47 43 
4 32 34 48 44 
8 42 46 43 47 44 48 34 45 
4 40 51 54 43 
4 49 52 55 51 
4 50 53 56 52 
4 41 43 57 53 
8 51 55 52 56 53 57 43 54 
4 49 60 63 52 
4 58 61 64 60 
4 59 62 65 61 
4 50 52 66 62 
8 60 64 61 65 62 66 52 63 
4 58 69 72 61 
4 67 70 73 69 
4 68 71 74 70 
4 59 61 75 71 
8 69 73 70 74 71 75 61 72 
4 4 7 81 80 
4 3 78 82 7 
4 76 79 83 78 
4 77 80 84 79 
8 7 82 78 83 79 84 80 81 
4 3 17 88 78 
4 14 86 89 17 
4 85 87 90 86 
4 76 78 91 87 
8 17 89 86 90 87 91 78 88 
4 14 26 95 86 
4 23 93 96 26 
4 92 94 97 93 
4 85 86 98 94 
8 26 96 93 97 94 98 86 95 
4 23 35 102 93 
4 32 100 103 35 
4 99 101 104 100 
4 92 93 105 101 
8 35 103 100 104 101 105 93 102 
4 32 44 109 100 
4 41 107 110 44 
4 106 108 111 107 
4 99 100 112 108 
8 44 110 107 111 108 112 100 109 
4 41 53 116 107 
4 50 114 117 53 
4 113 115 118 114 
4 106 107 119 115 
8 53 117 114 118 115 119 107 116 
4 50 62 123 114 
4 59 121 124 62 
4 120 122 125 121 
4 113 114 126 122 
8 62 124 121 125 122 126 114 123 
4 59 71 130 121 
4 68 128 131 71 
4 127 129 132 128 
4 120 121 133 129 
8 71 131 128 132 129 133 121 130 
4 77 79 139 138 
4 76 136 140 79 
4 134 137 141 136 
4 135 138 142 137 
8 79 140 136 141 137 142 138 139 
4 76 87 146 136 
4 85 144 147 87 
4 143 145 148 144 
4 134 136 149 145 
8 87 147 144 148 145 149 136 146 
4 85 94 153 144 
4 92 151 154 94 
4 150 152 155 151 
4 143 144 156 152 
8 94 154 151 155 152 156 144 153 
4 92 101 160 151 
4 99 158 161 101 
4 157 159 162 158 
4 150 151 163 159 
8 101 161 158 162 159 163 151 160 
4 99 108 167 158 
4 106 165 168 108 
4 164 166 169 165 
4 157 158 170 166 
8 108 168 165 169 166 170 158 167 
4 106 115 174 165 
4 113 172 175 115 
4 171 173 176 172 
4 164 165 177 173 
8 115 175 172 176 173 177 165 174 
4 113 122 181 172 
4 120 179 182 122 
4 178 180 183 179 
4 171 172 184 180 
8 122 182 179 183 180 184 172 181 
4 120 129 188 179 
4 127 186 189 129 
4 185 187 190 186 
4 178 179 191 187 
8 129 189 186 190 187 191 179 188 
4 135 137 197 196 
4 134 194 198 137 
4 192 195 199 194 
4 193 196 200 195 
8 137 198 194 199 195 200 196 197 
4 134 145 204 194 
4 143 202 205 145 
4 201 203 206 202 
4 192 194 207 203 
8 145 205 202 206 203 207 194 204 
4 143 152 211 202 
4 150 209 212 152 
4 208 210 213 209 
4 201 202 214 210 
8 152 212 209 213 210 214 202 211 
4 150 159 218 209 
4 157 216 219 159 
4 215 217 220 216 
4 208 209 221 217 
8 159 219 216 220 217 221 209 218 
4 157 166 225 216 
4 164 223 226 166 
4 222 224 227 223 
4 215 216 228 224 
8 166 226 223 227 224 228 216 225 
4 164 173 232 223 
4 171 230 233 173 
4 229 231 234 230 
4 222 223 235 231 
8 173 233 230 234 231 235 223 232 
4 171 180 239 230 
4 178 237 240 180 
4 236 238 241 237 
4 229 230 242 238 
8 180 240 237 241 238 242 230 239 
4 178 187 246 237 
4 185 244 247 187 
4 243 245 248 244 
4 236 237 249 245 
8 187 247 244 248 245 249 237 246 
4 193 195 255 254 
4 192 252 256 195 
4 250 253 257 252 
4 251 254 258 253 
8 195 256 252 257 253 258 254 255 
4 192 203 262 252 
4 201 260 263 203 
4 259 261 264 260 
4 250 252 265 261 
8 203 263 260 264 261 265 252 262 
4 201 210 269 260 
4 208 267 270 210 
4 266 268 271 267 
4 259 260 272 268 
8 210 270 267 271 268 272 260 269 
4 208 217 276 267 
4 215 274 277 217 
4 273 275 278 274 
4 266 267 279 275 
8 217 277 274 278 275 279 267 276 
4 215 224 283 274 
4 222 281 284 224 
4 280 282 285 281 
4 273 274 286 282 
8 224 284 281 285 282 286 274 283 
4 222 231 290 281 
4 229 288 291 231 
4 287 289 292 288 
4 280 281 293 289 
8 231 291 288 292 289 293 281 290 
4 229 238 297 288 
4 236 295 298 238 
4 294 296 299 295 
4 287 288 300 296 
8 238 298 295 299 296 300 288 297 
4 236 245 304 295 
4 243 302 305 245 
4 301 303 306 302 
4 294 295 307 303 
8 245 305 302 306 303 307 295 304 
4 251 253 313 312 
4 250 310 314 253 
4 308 311 315 310 
4 309 312 316 311 
8 253 314 310 315 311 316 312 313 
4 250 261 320 310 
4 259 318 321 261 
4 317 319 322 318 
4 308 310 323 319 
8 261 321 318 322 319 323 310 320 
4 259 268 327 318 
4 266 325 328 268 
4 324 326 329 325 
4 317 318 330 326 
8 268 328 325 329 326 330 318 327 
4 266 275 334 325 
4 273 332 335 275 
4 331 333 336 332 
4 324 325 337 333 
8 275 335 332 336 333 337 325 334 
4 273 282 341 332 
4 280 339 342 282 
4 338 340 343 339 
4 331 332 344 340 
8 282 342 339 343 340 344 332 341 
4 280 289 348 339 
4 287 346 349 289 
4 345 347 350 346 
4 338 339 351 347 
8 289 349 346 350 347 351 339 348 
4 287 296 355 346 
4 294 353 356 296 
4 352 354 357 353 
4 345 346 358 354 
8 296 356 353 357 354 358 346 355 
4 294 303 362 353 
4 301 360 363 303 
4 359 361 364 360 
4 352 353 365 361 
8 303 363 360 364 361 365 353 362 
4 309 311 371 370 
4 308 368 372 311 
4 366 369 373 368 
4 367 370 374 369 
8 311 372 368 373 369 374 370 371 
4 308 319 378 368 
4 317 376 379 319 
4 375 377 380 376 
4 366 368 381 377 
8 319 379 376 380 377 381 368 378 
4 317 326 385 376 
4 324 383 386 326 
4 382 384 387 383 
4 375 376 388 384 
8 326 386 383 387 384 388 376 385 
4 324 333 392 383 
4 331 390 393 333 
4 389 391 394 390 
4 382 383 395 391 
8 333 393 390 394 391 395 383 392 
4 331 340 399 390 
4 338 397 400 340 
4 396 398 401 397 
4 389 390 402 398 
8 340 400 397 401 398 402 390 399 
4 338 347 406 397 
4 345 404 407 347 
4 403 405 408 404 
4 396 397 409 405 
8 347 407 404 408 405 409 397 406 
4 345 354 413 404 
4 352 411 414 354 
4 410 412 415 411 
4 403 404 416 412 
8 354 414 411 415 412 416 404 413 
4 352 361 420 411 
4 359 418 421 361 
4 417 419 422 418 
4 410 411 423 419 
8 361 421 418 422 419 423 411 420 
4 367 369 429 428 
4 366 426 430 369 
4 424 427 431 426 
4 425 428 432 427 
8 369 430 426 431 427 432 428 429 
4 366 377 436 426 
4 375 434 437 377 
4 433 435 438 434 
4 424 426 439 435 
8 377 437 434 438 435 439 426 436 
4 375 384 443 434 
4 382 441 444 384 
4 440 442 445 441 
4 433 434 446 442 
8 384 444 441 445 442 446 434 443 
4 382 391 450 441 
4 389 448 451 391 
4 447 449 452 448 
4 440 441 453 449 
8 391 451 448 452 449 453 441 450 
4 389 398 457 448 
4 396 455 458 398 
4 454 456 459 455 
4 447 448 460 456 
8 398 458 455 459 456 460 448 457 
4 396 405 464 455 
4 403 462 465 405 
4 461 463 466 462 
4 454 455 467 463 
8 405 465 462 466 463 467 455 464 
4 403 412 471 462 
4 410 469 472 412 
4 468 470 473 469 
4 461 462 474 470 
8 412 472 469 473 470 474 462 471 
4 410 419 478 469 
4 417 476 479 419 
4 475 477 480 476 
4 468 469 481 477 
8 419 479 476 480 477 481 469 478 
# indices of nodes located on the bottom boundary
1 2 5 13 15 22 24 31 33 40 42 49 51 58 60 67 69 
# indices of nodes located on the top boundary
424 425 427 433 435 440 442 447 449 454 456 461 463 468 470 475 477 
# indices of nodes located on the left boundary
1 4 8 77 80 135 138 193 196 251 254 309 312 367 370 425 428 
# indices of nodes located on the right boundary
67 68 70 127 128 185 186 243 244 301 302 359 360 417 418 475 476 
# xmin, xmax, ymin, ymax of the bounding box
0 1 0 1
