# domain type
RectangularDomain
# nodal coordinates: number of nodes followed by the coordinates
35
-0.0000000000002115 0.1962852846787582
-0.0000000000001818 0.5965744560118732
0.0000000000000000 0.0000000000000000
0.0000000000000000 1.0000000000000000
0.0000000000038429 0.7987381071546907
0.0000000000043623 0.3973078888114240
0.1640310831541692 1.0000000001567908
0.1739780536603111 0.3922520526286128
0.1872056608743363 0.0000000000026714
0.1890785668811632 0.7803931701212369
0.2533386878918286 0.1963991175059533
0.2546689414058085 0.5846137218610123
0.3283471342866472 1.0000000001304465
0.3884273821440763 0.3894040487178378
0.3937863495301985 0.0000000000028150
0.3948750363674941 0.7811534039263544
0.4999999975471788 0.5828148991162234
0.4999999975891977 0.1965349025378911
0.5000000054670213 1.0000000001340170
0.6051249673192977 0.7811534028236112
0.6062136488326542 0.0000000000028150
0.6115726126263523 0.3894040463571436
0.6716528755176729 1.0000000001304465
0.7453310537358152 0.5846137174666963
0.7466613092957648 0.1963991175479298
0.8109214360626231 0.7803931646503764
0.8127943384504813 0.0000000000026714
0.8260219455473861 0.3922520522171163
0.8359689222103233 1.0000000001567908
1.0000000000000000 0.0000000000000000
1.0000000000000000 1.0000000000000000
1.0000000000465350 0.5965744479392576
1.0000000000541314 0.1962852805010009
1.0000000002459462 0.7987381031735028
1.0000000002791851 0.3973078791548274
# element connectivity: number of elements followed by the connectivity (each line: nodes_per_element(nel) node1 node 2 node 3)
47
3 32 34 26
3 21 25 18
3 1 8 6
3 6 8 2
3 11 8 1
3 14 11 18
3 8 11 14
3 7 4 5
3 5 10 7
3 2 10 5
3 12 14 17
3 8 14 12
3 2 8 12
3 12 10 2
3 18 25 22
3 17 14 22
3 22 14 18
3 7 10 13
3 23 20 26
3 19 20 23
3 25 21 27
3 30 33 27
3 27 33 25
3 15 21 18
3 18 11 15
3 28 22 25
3 28 33 35
3 25 33 28
3 35 32 28
3 16 20 19
3 19 13 16
3 16 13 10
3 17 20 16
3 16 12 17
3 10 12 16
3 29 23 26
3 29 34 31
3 26 34 29
3 9 15 11
3 1 3 9
3 9 11 1
3 24 32 26
3 24 28 32
3 24 20 17
3 26 20 24
3 17 22 24
3 22 28 24
# indices of nodes located on the bottom boundary
3 9 15 21 27 30 
# indices of nodes located on the top boundary
4 7 13 19 23 29 31 
# indices of nodes located on the left boundary
3 1 6 2 5 4 
# indices of nodes located on the right boundary
30 33 35 32 34 31 
# xmin, xmax, ymin, ymax of the bounding box
0.0000000000000000 1.0000000000000000 0.0000000000000000 1.0000000000000000
