# domain type
RectangularDomain
# nodal coordinates: number of nodes followed by the coordinates
289
0.0000000000000000 0.0000000000000000
0.0625000000000000 0.0000000000000000
0.1250000000000000 0.0000000000000000
0.1875000000000000 0.0000000000000000
0.2500000000000000 0.0000000000000000
0.3125000000000000 0.0000000000000000
0.3750000000000000 0.0000000000000000
0.4375000000000000 0.0000000000000000
0.5000000000000000 0.0000000000000000
0.5625000000000000 0.0000000000000000
0.6250000000000000 0.0000000000000000
0.6875000000000000 0.0000000000000000
0.7500000000000000 0.0000000000000000
0.8125000000000000 0.0000000000000000
0.8750000000000000 0.0000000000000000
0.9375000000000000 0.0000000000000000
1.0000000000000000 0.0000000000000000
0.0000000000000000 0.0625000000000000
0.0625000000000000 0.0625000000000000
0.1250000000000000 0.0625000000000000
0.1875000000000000 0.0625000000000000
0.2500000000000000 0.0625000000000000
0.3125000000000000 0.0625000000000000
0.3750000000000000 0.0625000000000000
0.4375000000000000 0.0625000000000000
0.5000000000000000 0.0625000000000000
0.5625000000000000 0.0625000000000000
0.6250000000000000 0.0625000000000000
0.6875000000000000 0.0625000000000000
0.7500000000000000 0.0625000000000000
0.8125000000000000 0.0625000000000000
0.8750000000000000 0.0625000000000000
0.9375000000000000 0.0625000000000000
1.0000000000000000 0.0625000000000000
0.0000000000000000 0.1250000000000000
0.0625000000000000 0.1250000000000000
0.1250000000000000 0.1250000000000000
0.1875000000000000 0.1250000000000000
0.2500000000000000 0.1250000000000000
0.3125000000000000 0.1250000000000000
0.3750000000000000 0.1250000000000000
0.4375000000000000 0.1250000000000000
0.5000000000000000 0.1250000000000000
0.5625000000000000 0.1250000000000000
0.6250000000000000 0.1250000000000000
0.6875000000000000 0.1250000000000000
0.7500000000000000 0.1250000000000000
0.8125000000000000 0.1250000000000000
0.8750000000000000 0.1250000000000000
0.9375000000000000 0.1250000000000000
1.0000000000000000 0.1250000000000000
0.0000000000000000 0.1875000000000000
0.0625000000000000 0.1875000000000000
0.1250000000000000 0.1875000000000000
0.1875000000000000 0.1875000000000000
0.2500000000000000 0.1875000000000000
0.3125000000000000 0.1875000000000000
0.3750000000000000 0.1875000000000000
0.4375000000000000 0.1875000000000000
0.5000000000000000 0.1875000000000000
0.5625000000000000 0.1875000000000000
0.6250000000000000 0.1875000000000000
0.6875000000000000 0.1875000000000000
0.7500000000000000 0.1875000000000000
0.8125000000000000 0.1875000000000000
0.8750000000000000 0.1875000000000000
0.9375000000000000 0.1875000000000000
1.0000000000000000 0.1875000000000000
0.0000000000000000 0.2500000000000000
0.0625000000000000 0.2500000000000000
0.1250000000000000 0.2500000000000000
0.1875000000000000 0.2500000000000000
0.2500000000000000 0.2500000000000000
0.3125000000000000 0.2500000000000000
0.3750000000000000 0.2500000000000000
0.4375000000000000 0.2500000000000000
0.5000000000000000 0.2500000000000000
0.5625000000000000 0.2500000000000000
0.6250000000000000 0.2500000000000000
0.6875000000000000 0.2500000000000000
0.7500000000000000 0.2500000000000000
0.8125000000000000 0.2500000000000000
0.8750000000000000 0.2500000000000000
0.9375000000000000 0.2500000000000000
1.0000000000000000 0.2500000000000000
0.0000000000000000 0.3125000000000000
0.0625000000000000 0.3125000000000000
0.1250000000000000 0.3125000000000000
0.1875000000000000 0.3125000000000000
0.2500000000000000 0.3125000000000000
0.3125000000000000 0.3125000000000000
0.3750000000000000 0.3125000000000000
0.4375000000000000 0.3125000000000000
0.5000000000000000 0.3125000000000000
0.5625000000000000 0.3125000000000000
0.6250000000000000 0.3125000000000000
0.6875000000000000 0.3125000000000000
0.7500000000000000 0.3125000000000000
0.8125000000000000 0.3125000000000000
0.8750000000000000 0.3125000000000000
0.9375000000000000 0.3125000000000000
1.0000000000000000 0.3125000000000000
0.0000000000000000 0.3750000000000000
0.0625000000000000 0.3750000000000000
0.1250000000000000 0.3750000000000000
0.1875000000000000 0.3750000000000000
0.2500000000000000 0.3750000000000000
0.3125000000000000 0.3750000000000000
0.3750000000000000 0.3750000000000000
0.4375000000000000 0.3750000000000000
0.5000000000000000 0.3750000000000000
0.5625000000000000 0.3750000000000000
0.6250000000000000 0.3750000000000000
0.6875000000000000 0.3750000000000000
0.7500000000000000 0.3750000000000000
0.8125000000000000 0.3750000000000000
0.8750000000000000 0.3750000000000000
0.9375000000000000 0.3750000000000000
1.0000000000000000 0.3750000000000000
0.0000000000000000 0.4375000000000000
0.0625000000000000 0.4375000000000000
0.1250000000000000 0.4375000000000000
0.1875000000000000 0.4375000000000000
0.2500000000000000 0.4375000000000000
0.3125000000000000 0.4375000000000000
0.3750000000000000 0.4375000000000000
0.4375000000000000 0.4375000000000000
0.5000000000000000 0.4375000000000000
0.5625000000000000 0.4375000000000000
0.6250000000000000 0.4375000000000000
0.6875000000000000 0.4375000000000000
0.7500000000000000 0.4375000000000000
0.8125000000000000 0.4375000000000000
0.8750000000000000 0.4375000000000000
0.9375000000000000 0.4375000000000000
1.0000000000000000 0.4375000000000000
0.0000000000000000 0.5000000000000000
0.0625000000000000 0.5000000000000000
0.1250000000000000 0.5000000000000000
0.1875000000000000 0.5000000000000000
0.2500000000000000 0.5000000000000000
0.3125000000000000 0.5000000000000000
0.3750000000000000 0.5000000000000000
0.4375000000000000 0.5000000000000000
0.5000000000000000 0.5000000000000000
0.5625000000000000 0.5000000000000000
0.6250000000000000 0.5000000000000000
0.6875000000000000 0.5000000000000000
0.7500000000000000 0.5000000000000000
0.8125000000000000 0.5000000000000000
0.8750000000000000 0.5000000000000000
0.9375000000000000 0.5000000000000000
1.0000000000000000 0.5000000000000000
0.0000000000000000 0.5625000000000000
0.0625000000000000 0.5625000000000000
0.1250000000000000 0.5625000000000000
0.1875000000000000 0.5625000000000000
0.2500000000000000 0.5625000000000000
0.3125000000000000 0.5625000000000000
0.3750000000000000 0.5625000000000000
0.4375000000000000 0.5625000000000000
0.5000000000000000 0.5625000000000000
0.5625000000000000 0.5625000000000000
0.6250000000000000 0.5625000000000000
0.6875000000000000 0.5625000000000000
0.7500000000000000 0.5625000000000000
0.8125000000000000 0.5625000000000000
0.8750000000000000 0.5625000000000000
0.9375000000000000 0.5625000000000000
1.0000000000000000 0.5625000000000000
0.0000000000000000 0.6250000000000000
0.0625000000000000 0.6250000000000000
0.1250000000000000 0.6250000000000000
0.1875000000000000 0.6250000000000000
0.2500000000000000 0.6250000000000000
0.3125000000000000 0.6250000000000000
0.3750000000000000 0.6250000000000000
0.4375000000000000 0.6250000000000000
0.5000000000000000 0.6250000000000000
0.5625000000000000 0.6250000000000000
0.6250000000000000 0.6250000000000000
0.6875000000000000 0.6250000000000000
0.7500000000000000 0.6250000000000000
0.8125000000000000 0.6250000000000000
0.8750000000000000 0.6250000000000000
0.9375000000000000 0.6250000000000000
1.0000000000000000 0.6250000000000000
0.0000000000000000 0.6875000000000000
0.0625000000000000 0.6875000000000000
0.1250000000000000 0.6875000000000000
0.1875000000000000 0.6875000000000000
0.2500000000000000 0.6875000000000000
0.3125000000000000 0.6875000000000000
0.3750000000000000 0.6875000000000000
0.4375000000000000 0.6875000000000000
0.5000000000000000 0.6875000000000000
0.5625000000000000 0.6875000000000000
0.6250000000000000 0.6875000000000000
0.6875000000000000 0.6875000000000000
0.7500000000000000 0.6875000000000000
0.8125000000000000 0.6875000000000000
0.8750000000000000 0.6875000000000000
0.9375000000000000 0.6875000000000000
1.0000000000000000 0.6875000000000000
0.0000000000000000 0.7500000000000000
0.0625000000000000 0.7500000000000000
0.1250000000000000 0.7500000000000000
0.1875000000000000 0.7500000000000000
0.2500000000000000 0.7500000000000000
0.3125000000000000 0.7500000000000000
0.3750000000000000 0.7500000000000000
0.4375000000000000 0.7500000000000000
0.5000000000000000 0.7500000000000000
0.5625000000000000 0.7500000000000000
0.6250000000000000 0.7500000000000000
0.6875000000000000 0.7500000000000000
0.7500000000000000 0.7500000000000000
0.8125000000000000 0.7500000000000000
0.8750000000000000 0.7500000000000000
0.9375000000000000 0.7500000000000000
1.0000000000000000 0.7500000000000000
0.0000000000000000 0.8125000000000000
0.0625000000000000 0.8125000000000000
0.1250000000000000 0.8125000000000000
0.1875000000000000 0.8125000000000000
0.2500000000000000 0.8125000000000000
0.3125000000000000 0.8125000000000000
0.3750000000000000 0.8125000000000000
0.4375000000000000 0.8125000000000000
0.5000000000000000 0.8125000000000000
0.5625000000000000 0.8125000000000000
0.6250000000000000 0.8125000000000000
0.6875000000000000 0.8125000000000000
0.7500000000000000 0.8125000000000000
0.8125000000000000 0.8125000000000000
0.8750000000000000 0.8125000000000000
0.9375000000000000 0.8125000000000000
1.0000000000000000 0.8125000000000000
0.0000000000000000 0.8750000000000000
0.0625000000000000 0.8750000000000000
0.1250000000000000 0.8750000000000000
0.1875000000000000 0.8750000000000000
0.2500000000000000 0.8750000000000000
0.3125000000000000 0.8750000000000000
0.3750000000000000 0.8750000000000000
0.4375000000000000 0.8750000000000000
0.5000000000000000 0.8750000000000000
0.5625000000000000 0.8750000000000000
0.6250000000000000 0.8750000000000000
0.6875000000000000 0.8750000000000000
0.7500000000000000 0.8750000000000000
0.8125000000000000 0.8750000000000000
0.8750000000000000 0.8750000000000000
0.9375000000000000 0.8750000000000000
1.0000000000000000 0.8750000000000000
0.0000000000000000 0.9375000000000000
0.0625000000000000 0.9375000000000000
0.1250000000000000 0.9375000000000000
0.1875000000000000 0.9375000000000000
0.2500000000000000 0.9375000000000000
0.3125000000000000 0.9375000000000000
0.3750000000000000 0.9375000000000000
0.4375000000000000 0.9375000000000000
0.5000000000000000 0.9375000000000000
0.5625000000000000 0.9375000000000000
0.6250000000000000 0.9375000000000000
0.6875000000000000 0.9375000000000000
0.7500000000000000 0.9375000000000000
0.8125000000000000 0.9375000000000000
0.8750000000000000 0.9375000000000000
0.9375000000000000 0.9375000000000000
1.0000000000000000 0.9375000000000000
0.0000000000000000 1.0000000000000000
0.0625000000000000 1.0000000000000000
0.1250000000000000 1.0000000000000000
0.1875000000000000 1.0000000000000000
0.2500000000000000 1.0000000000000000
0.3125000000000000 1.0000000000000000
0.3750000000000000 1.0000000000000000
0.4375000000000000 1.0000000000000000
0.5000000000000000 1.0000000000000000
0.5625000000000000 1.0000000000000000
0.6250000000000000 1.0000000000000000
0.6875000000000000 1.0000000000000000
0.7500000000000000 1.0000000000000000
0.8125000000000000 1.0000000000000000
0.8750000000000000 1.0000000000000000
0.9375000000000000 1.0000000000000000
1.0000000000000000 1.0000000000000000
# element connectivity: number of elements followed by the connectivity (each line: nodes_per_element(nel) node1 node 2 ... node_nel)
512
3 1 2 19 
3 19 18 1 
3 2 3 20 
3 20 19 2 
3 3 4 21 
3 21 20 3 
3 4 5 22 
3 22 21 4 
3 5 6 23 
3 23 22 5 
3 6 7 24 
3 24 23 6 
3 7 8 25 
3 25 24 7 
3 8 9 26 
3 26 25 8 
3 9 10 27 
3 27 26 9 
3 10 11 28 
3 28 27 10 
3 11 12 29 
3 29 28 11 
3 12 13 30 
3 30 29 12 
3 13 14 31 
3 31 30 13 
3 14 15 32 
3 32 31 14 
3 15 16 33 
3 33 32 15 
3 16 17 34 
3 34 33 16 
3 18 19 36 
3 36 35 18 
3 19 20 37 
3 37 36 19 
3 20 21 38 
3 38 37 20 
3 21 22 39 
3 39 38 21 
3 22 23 40 
3 40 39 22 
3 23 24 41 
3 41 40 23 
3 24 25 42 
3 42 41 24 
3 25 26 43 
3 43 42 25 
3 26 27 44 
3 44 43 26 
3 27 28 45 
3 45 44 27 
3 28 29 46 
3 46 45 28 
3 29 30 47 
3 47 46 29 
3 30 31 48 
3 48 47 30 
3 31 32 49 
3 49 48 31 
3 32 33 50 
3 50 49 32 
3 33 34 51 
3 51 50 33 
3 35 36 53 
3 53 52 35 
3 36 37 54 
3 54 53 36 
3 37 38 55 
3 55 54 37 
3 38 39 56 
3 56 55 38 
3 39 40 57 
3 57 56 39 
3 40 41 58 
3 58 57 40 
3 41 42 59 
3 59 58 41 
3 42 43 60 
3 60 59 42 
3 43 44 61 
3 61 60 43 
3 44 45 62 
3 62 61 44 
3 45 46 63 
3 63 62 45 
3 46 47 64 
3 64 63 46 
3 47 48 65 
3 65 64 47 
3 48 49 66 
3 66 65 48 
3 49 50 67 
3 67 66 49 
3 50 51 68 
3 68 67 50 
3 52 53 70 
3 70 69 52 
3 53 54 71 
3 71 70 53 
3 54 55 72 
3 72 71 54 
3 55 56 73 
3 73 72 55 
3 56 57 74 
3 74 73 56 
3 57 58 75 
3 75 74 57 
3 58 59 76 
3 76 75 58 
3 59 60 77 
3 77 76 59 
3 60 61 78 
3 78 77 60 
3 61 62 79 
3 79 78 61 
3 62 63 80 
3 80 79 62 
3 63 64 81 
3 81 80 63 
3 64 65 82 
3 82 81 64 
3 65 66 83 
3 83 82 65 
3 66 67 84 
3 84 83 66 
3 67 68 85 
3 85 84 67 
3 69 70 87 
3 87 86 69 
3 70 71 88 
3 88 87 70 
3 71 72 89 
3 89 88 71 
3 72 73 90 
3 90 89 72 
3 73 74 91 
3 91 90 73 
3 74 75 92 
3 92 91 74 
3 75 76 93 
3 93 92 75 
3 76 77 94 
3 94 93 76 
3 77 78 95 
3 95 94 77 
3 78 79 96 
3 96 95 78 
3 79 80 97 
3 97 96 79 
3 80 81 98 
3 98 97 80 
3 81 82 99 
3 99 98 81 
3 82 83 100 
3 100 99 82 
3 83 84 101 
3 101 100 83 
3 84 85 102 
3 102 101 84 
3 86 87 104 
3 104 103 86 
3 87 88 105 
3 105 104 87 
3 88 89 106 
3 106 105 88 
3 89 90 107 
3 107 106 89 
3 90 91 108 
3 108 107 90 
3 91 92 109 
3 109 108 91 
3 92 93 110 
3 110 109 92 
3 93 94 111 
3 111 110 93 
3 94 95 112 
3 112 111 94 
3 95 96 113 
3 113 112 95 
3 96 97 114 
3 114 113 96 
3 97 98 115 
3 115 114 97 
3 98 99 116 
3 116 115 98 
3 99 100 117 
3 117 116 99 
3 100 101 118 
3 118 117 100 
3 101 102 119 
3 119 118 101 
3 103 104 121 
3 121 120 103 
3 104 105 122 
3 122 121 104 
3 105 106 123 
3 123 122 105 
3 106 107 124 
3 124 123 106 
3 107 108 125 
3 125 124 107 
3 108 109 126 
3 126 125 108 
3 109 110 127 
3 127 126 109 
3 110 111 128 
3 128 127 110 
3 111 112 129 
3 129 128 111 
3 112 113 130 
3 130 129 112 
3 113 114 131 
3 131 130 113 
3 114 115 132 
3 132 131 114 
3 115 116 133 
3 133 132 115 
3 116 117 134 
3 134 133 116 
3 117 118 135 
3 135 134 117 
3 118 119 136 
3 136 135 118 
3 120 121 138 
3 138 137 120 
3 121 122 139 
3 139 138 121 
3 122 123 140 
3 140 139 122 
3 123 124 141 
3 141 140 123 
3 124 125 142 
3 142 141 124 
3 125 126 143 
3 143 142 125 
3 126 127 144 
3 144 143 126 
3 127 128 145 
3 145 144 127 
3 128 129 146 
3 146 145 128 
3 129 130 147 
3 147 146 129 
3 130 131 148 
3 148 147 130 
3 131 132 149 
3 149 148 131 
3 132 133 150 
3 150 149 132 
3 133 134 151 
3 151 150 133 
3 134 135 152 
3 152 151 134 
3 135 136 153 
3 153 152 135 
3 137 138 155 
3 155 154 137 
3 138 139 156 
3 156 155 138 
3 139 140 157 
3 157 156 139 
3 140 141 158 
3 158 157 140 
3 141 142 159 
3 159 158 141 
3 142 143 160 
3 160 159 142 
3 143 144 161 
3 161 160 143 
3 144 145 162 
3 162 161 144 
3 145 146 163 
3 163 162 145 
3 146 147 164 
3 164 163 146 
3 147 148 165 
3 165 164 147 
3 148 149 166 
3 166 165 148 
3 149 150 167 
3 167 166 149 
3 150 151 168 
3 168 167 150 
3 151 152 169 
3 169 168 151 
3 152 153 170 
3 170 169 152 
3 154 155 172 
3 172 171 154 
3 155 156 173 
3 173 172 155 
3 156 157 174 
3 174 173 156 
3 157 158 175 
3 175 174 157 
3 158 159 176 
3 176 175 158 
3 159 160 177 
3 177 176 159 
3 160 161 178 
3 178 177 160 
3 161 162 179 
3 179 178 161 
3 162 163 180 
3 180 179 162 
3 163 164 181 
3 181 180 163 
3 164 165 182 
3 182 181 164 
3 165 166 183 
3 183 182 165 
3 166 167 184 
3 184 183 166 
3 167 168 185 
3 185 184 167 
3 168 169 186 
3 186 185 168 
3 169 170 187 
3 187 186 169 
3 171 172 189 
3 189 188 171 
3 172 173 190 
3 190 189 172 
3 173 174 191 
3 191 190 173 
3 174 175 192 
3 192 191 174 
3 175 176 193 
3 193 192 175 
3 176 177 194 
3 194 193 176 
3 177 178 195 
3 195 194 177 
3 178 179 196 
3 196 195 178 
3 179 180 197 
3 197 196 179 
3 180 181 198 
3 198 197 180 
3 181 182 199 
3 199 198 181 
3 182 183 200 
3 200 199 182 
3 183 184 201 
3 201 200 183 
3 184 185 202 
3 202 201 184 
3 185 186 203 
3 203 202 185 
3 186 187 204 
3 204 203 186 
3 188 189 206 
3 206 205 188 
3 189 190 207 
3 207 206 189 
3 190 191 208 
3 208 207 190 
3 191 192 209 
3 209 208 191 
3 192 193 210 
3 210 209 192 
3 193 194 211 
3 211 210 193 
3 194 195 212 
3 212 211 194 
3 195 196 213 
3 213 212 195 
3 196 197 214 
3 214 213 196 
3 197 198 215 
3 215 214 197 
3 198 199 216 
3 216 215 198 
3 199 200 217 
3 217 216 199 
3 200 201 218 
3 218 217 200 
3 201 202 219 
3 219 218 201 
3 202 203 220 
3 220 219 202 
3 203 204 221 
3 221 220 203 
3 205 206 223 
3 223 222 205 
3 206 207 224 
3 224 223 206 
3 207 208 225 
3 225 224 207 
3 208 209 226 
3 226 225 208 
3 209 210 227 
3 227 226 209 
3 210 211 228 
3 228 227 210 
3 211 212 229 
3 229 228 211 
3 212 213 230 
3 230 229 212 
3 213 214 231 
3 231 230 213 
3 214 215 232 
3 232 231 214 
3 215 216 233 
3 233 232 215 
3 216 217 234 
3 234 233 216 
3 217 218 235 
3 235 234 217 
3 218 219 236 
3 236 235 218 
3 219 220 237 
3 237 236 219 
3 220 221 238 
3 238 237 220 
3 222 223 240 
3 240 239 222 
3 223 224 241 
3 241 240 223 
3 224 225 242 
3 242 241 224 
3 225 226 243 
3 243 242 225 
3 226 227 244 
3 244 243 226 
3 227 228 245 
3 245 244 227 
3 228 229 246 
3 246 245 228 
3 229 230 247 
3 247 246 229 
3 230 231 248 
3 248 247 230 
3 231 232 249 
3 249 248 231 
3 232 233 250 
3 250 249 232 
3 233 234 251 
3 251 250 233 
3 234 235 252 
3 252 251 234 
3 235 236 253 
3 253 252 235 
3 236 237 254 
3 254 253 236 
3 237 238 255 
3 255 254 237 
3 239 240 257 
3 257 256 239 
3 240 241 258 
3 258 257 240 
3 241 242 259 
3 259 258 241 
3 242 243 260 
3 260 259 242 
3 243 244 261 
3 261 260 243 
3 244 245 262 
3 262 261 244 
3 245 246 263 
3 263 262 245 
3 246 247 264 
3 264 263 246 
3 247 248 265 
3 265 264 247 
3 248 249 266 
3 266 265 248 
3 249 250 267 
3 267 266 249 
3 250 251 268 
3 268 267 250 
3 251 252 269 
3 269 268 251 
3 252 253 270 
3 270 269 252 
3 253 254 271 
3 271 270 253 
3 254 255 272 
3 272 271 254 
3 256 257 274 
3 274 273 256 
3 257 258 275 
3 275 274 257 
3 258 259 276 
3 276 275 258 
3 259 260 277 
3 277 276 259 
3 260 261 278 
3 278 277 260 
3 261 262 279 
3 279 278 261 
3 262 263 280 
3 280 279 262 
3 263 264 281 
3 281 280 263 
3 264 265 282 
3 282 281 264 
3 265 266 283 
3 283 282 265 
3 266 267 284 
3 284 283 266 
3 267 268 285 
3 285 284 267 
3 268 269 286 
3 286 285 268 
3 269 270 287 
3 287 286 269 
3 270 271 288 
3 288 287 270 
3 271 272 289 
3 289 288 271 
# indices of nodes located on the bottom boundary
1 2 3 4 5 6 7 8 9 10 11 12 13 14 15 16 17 
# indices of nodes located on the top boundary
273 274 275 276 277 278 279 280 281 282 283 284 285 286 287 288 289 
# indices of nodes located on the left boundary
1 18 35 52 69 86 103 120 137 154 171 188 205 222 239 256 273 
# indices of nodes located on the right boundary
17 34 51 68 85 102 119 136 153 170 187 204 221 238 255 272 289 
# xmin, xmax, ymin, ymax of the bounding box
0 1 0 1
