# domain type
RectangularDomain
# nodal coordinates: number of nodes followed by the coordinates
1089
0.0000000000000000 0.0000000000000000
0.0312500000000000 0.0000000000000000
0.0625000000000000 0.0000000000000000
0.0937500000000000 0.0000000000000000
0.1250000000000000 0.0000000000000000
0.1562500000000000 0.0000000000000000
0.1875000000000000 0.0000000000000000
0.2187500000000000 0.0000000000000000
0.2500000000000000 0.0000000000000000
0.2812500000000000 0.0000000000000000
0.3125000000000000 0.0000000000000000
0.3437500000000000 0.0000000000000000
0.3750000000000000 0.0000000000000000
0.4062500000000000 0.0000000000000000
0.4375000000000000 0.0000000000000000
0.4687500000000000 0.0000000000000000
0.5000000000000000 0.0000000000000000
0.5312500000000000 0.0000000000000000
0.5625000000000000 0.0000000000000000
0.5937500000000000 0.0000000000000000
0.6250000000000000 0.0000000000000000
0.6562500000000000 0.0000000000000000
0.6875000000000000 0.0000000000000000
0.7187500000000000 0.0000000000000000
0.7500000000000000 0.0000000000000000
0.7812500000000000 0.0000000000000000
0.8125000000000000 0.0000000000000000
0.8437500000000000 0.0000000000000000
0.8750000000000000 0.0000000000000000
0.9062500000000000 0.0000000000000000
0.9375000000000000 0.0000000000000000
0.9687500000000000 0.0000000000000000
1.0000000000000000 0.0000000000000000
0.0000000000000000 0.0312500000000000
0.0312500000000000 0.0312500000000000
0.0625000000000000 0.0312500000000000
0.0937500000000000 0.0312500000000000
0.1250000000000000 0.0312500000000000
0.1562500000000000 0.0312500000000000
0.1875000000000000 0.0312500000000000
0.2187500000000000 0.0312500000000000
0.2500000000000000 0.0312500000000000
0.2812500000000000 0.0312500000000000
0.3125000000000000 0.0312500000000000
0.3437500000000000 0.0312500000000000
0.3750000000000000 0.0312500000000000
0.4062500000000000 0.0312500000000000
0.4375000000000000 0.0312500000000000
0.4687500000000000 0.0312500000000000
0.5000000000000000 0.0312500000000000
0.5312500000000000 0.0312500000000000
0.5625000000000000 0.0312500000000000
0.5937500000000000 0.0312500000000000
0.6250000000000000 0.0312500000000000
0.6562500000000000 0.0312500000000000
0.6875000000000000 0.0312500000000000
0.7187500000000000 0.0312500000000000
0.7500000000000000 0.0312500000000000
0.7812500000000000 0.0312500000000000
0.8125000000000000 0.0312500000000000
0.8437500000000000 0.0312500000000000
0.8750000000000000 0.0312500000000000
0.9062500000000000 0.0312500000000000
0.9375000000000000 0.0312500000000000
0.9687500000000000 0.0312500000000000
1.0000000000000000 0.0312500000000000
0.0000000000000000 0.0625000000000000
0.0312500000000000 0.0625000000000000
0.0625000000000000 0.0625000000000000
0.0937500000000000 0.0625000000000000
0.1250000000000000 0.0625000000000000
0.1562500000000000 0.0625000000000000
0.1875000000000000 0.0625000000000000
0.2187500000000000 0.0625000000000000
0.2500000000000000 0.0625000000000000
0.2812500000000000 0.0625000000000000
0.3125000000000000 0.0625000000000000
0.3437500000000000 0.0625000000000000
0.3750000000000000 0.0625000000000000
0.4062500000000000 0.0625000000000000
0.4375000000000000 0.0625000000000000
0.4687500000000000 0.0625000000000000
0.5000000000000000 0.0625000000000000
0.5312500000000000 0.0625000000000000
0.5625000000000000 0.0625000000000000
0.5937500000000000 0.0625000000000000
0.6250000000000000 0.0625000000000000
0.6562500000000000 0.0625000000000000
0.6875000000000000 0.0625000000000000
0.7187500000000000 0.0625000000000000
0.7500000000000000 0.0625000000000000
0.7812500000000000 0.0625000000000000
0.8125000000000000 0.0625000000000000
0.8437500000000000 0.0625000000000000
0.8750000000000000 0.0625000000000000
0.9062500000000000 0.0625000000000000
0.9375000000000000 0.0625000000000000
0.9687500000000000 0.0625000000000000
1.0000000000000000 0.0625000000000000
0.0000000000000000 0.0937500000000000
0.0312500000000000 0.0937500000000000
0.0625000000000000 0.0937500000000000
0.0937500000000000 0.0937500000000000
0.1250000000000000 0.0937500000000000
0.1562500000000000 0.0937500000000000
0.1875000000000000 0.0937500000000000
0.2187500000000000 0.0937500000000000
0.2500000000000000 0.0937500000000000
0.2812500000000000 0.0937500000000000
0.3125000000000000 0.0937500000000000
0.3437500000000000 0.0937500000000000
0.3750000000000000 0.0937500000000000
0.4062500000000000 0.0937500000000000
0.4375000000000000 0.0937500000000000
0.4687500000000000 0.0937500000000000
0.5000000000000000 0.0937500000000000
0.5312500000000000 0.0937500000000000
0.5625000000000000 0.0937500000000000
0.5937500000000000 0.0937500000000000
0.6250000000000000 0.0937500000000000
0.6562500000000000 0.0937500000000000
0.6875000000000000 0.0937500000000000
0.7187500000000000 0.0937500000000000
0.7500000000000000 0.0937500000000000
0.7812500000000000 0.0937500000000000
0.8125000000000000 0.0937500000000000
0.8437500000000000 0.0937500000000000
0.8750000000000000 0.0937500000000000
0.9062500000000000 0.0937500000000000
0.9375000000000000 0.0937500000000000
0.9687500000000000 0.0937500000000000
1.0000000000000000 0.0937500000000000
0.0000000000000000 0.1250000000000000
0.0312500000000000 0.1250000000000000
0.0625000000000000 0.1250000000000000
0.0937500000000000 0.1250000000000000
0.1250000000000000 0.1250000000000000
0.1562500000000000 0.1250000000000000
0.1875000000000000 0.1250000000000000
0.2187500000000000 0.1250000000000000
0.2500000000000000 0.1250000000000000
0.2812500000000000 0.1250000000000000
0.3125000000000000 0.1250000000000000
0.3437500000000000 0.1250000000000000
0.3750000000000000 0.1250000000000000
0.4062500000000000 0.1250000000000000
0.4375000000000000 0.1250000000000000
0.4687500000000000 0.1250000000000000
0.5000000000000000 0.1250000000000000
0.5312500000000000 0.1250000000000000
0.5625000000000000 0.1250000000000000
0.5937500000000000 0.1250000000000000
0.6250000000000000 0.1250000000000000
0.6562500000000000 0.1250000000000000
0.6875000000000000 0.1250000000000000
0.7187500000000000 0.1250000000000000
0.7500000000000000 0.1250000000000000
0.7812500000000000 0.1250000000000000
0.8125000000000000 0.1250000000000000
0.8437500000000000 0.1250000000000000
0.8750000000000000 0.1250000000000000
0.9062500000000000 0.1250000000000000
0.9375000000000000 0.1250000000000000
0.9687500000000000 0.1250000000000000
1.0000000000000000 0.1250000000000000
0.0000000000000000 0.1562500000000000
0.0312500000000000 0.1562500000000000
0.0625000000000000 0.1562500000000000
0.0937500000000000 0.1562500000000000
0.1250000000000000 0.1562500000000000
0.1562500000000000 0.1562500000000000
0.1875000000000000 0.1562500000000000
0.2187500000000000 0.1562500000000000
0.2500000000000000 0.1562500000000000
0.2812500000000000 0.1562500000000000
0.3125000000000000 0.1562500000000000
0.3437500000000000 0.1562500000000000
0.3750000000000000 0.1562500000000000
0.4062500000000000 0.1562500000000000
0.4375000000000000 0.1562500000000000
0.4687500000000000 0.1562500000000000
0.5000000000000000 0.1562500000000000
0.5312500000000000 0.1562500000000000
0.5625000000000000 0.1562500000000000
0.5937500000000000 0.1562500000000000
0.6250000000000000 0.1562500000000000
0.6562500000000000 0.1562500000000000
0.6875000000000000 0.1562500000000000
0.7187500000000000 0.1562500000000000
0.7500000000000000 0.1562500000000000
0.7812500000000000 0.1562500000000000
0.8125000000000000 0.1562500000000000
0.8437500000000000 0.1562500000000000
0.8750000000000000 0.1562500000000000
0.9062500000000000 0.1562500000000000
0.9375000000000000 0.1562500000000000
0.9687500000000000 0.1562500000000000
1.0000000000000000 0.1562500000000000
0.0000000000000000 0.1875000000000000
0.0312500000000000 0.1875000000000000
0.0625000000000000 0.1875000000000000
0.0937500000000000 0.1875000000000000
0.1250000000000000 0.1875000000000000
0.1562500000000000 0.1875000000000000
0.1875000000000000 0.1875000000000000
0.2187500000000000 0.1875000000000000
0.2500000000000000 0.1875000000000000
0.2812500000000000 0.1875000000000000
0.3125000000000000 0.1875000000000000
0.3437500000000000 0.1875000000000000
0.3750000000000000 0.1875000000000000
0.4062500000000000 0.1875000000000000
0.4375000000000000 0.1875000000000000
0.4687500000000000 0.1875000000000000
0.5000000000000000 0.1875000000000000
0.5312500000000000 0.1875000000000000
0.5625000000000000 0.1875000000000000
0.5937500000000000 0.1875000000000000
0.6250000000000000 0.1875000000000000
0.6562500000000000 0.1875000000000000
0.6875000000000000 0.1875000000000000
0.7187500000000000 0.1875000000000000
0.7500000000000000 0.1875000000000000
0.7812500000000000 0.1875000000000000
0.8125000000000000 0.1875000000000000
0.8437500000000000 0.1875000000000000
0.8750000000000000 0.1875000000000000
0.9062500000000000 0.1875000000000000
0.9375000000000000 0.1875000000000000
0.9687500000000000 0.1875000000000000
1.0000000000000000 0.1875000000000000
0.0000000000000000 0.2187500000000000
0.0312500000000000 0.2187500000000000
0.0625000000000000 0.2187500000000000
0.0937500000000000 0.2187500000000000
0.1250000000000000 0.2187500000000000
0.1562500000000000 0.2187500000000000
0.1875000000000000 0.2187500000000000
0.2187500000000000 0.2187500000000000
0.2500000000000000 0.2187500000000000
0.2812500000000000 0.2187500000000000
0.3125000000000000 0.2187500000000000
0.3437500000000000 0.2187500000000000
0.3750000000000000 0.2187500000000000
0.4062500000000000 0.2187500000000000
0.4375000000000000 0.2187500000000000
0.4687500000000000 0.2187500000000000
0.5000000000000000 0.2187500000000000
0.5312500000000000 0.2187500000000000
0.5625000000000000 0.2187500000000000
0.5937500000000000 0.2187500000000000
0.6250000000000000 0.2187500000000000
0.6562500000000000 0.2187500000000000
0.6875000000000000 0.2187500000000000
0.7187500000000000 0.2187500000000000
0.7500000000000000 0.2187500000000000
0.7812500000000000 0.2187500000000000
0.8125000000000000 0.2187500000000000
0.8437500000000000 0.2187500000000000
0.8750000000000000 0.2187500000000000
0.9062500000000000 0.2187500000000000
0.9375000000000000 0.2187500000000000
0.9687500000000000 0.2187500000000000
1.0000000000000000 0.2187500000000000
0.0000000000000000 0.2500000000000000
0.0312500000000000 0.2500000000000000
0.0625000000000000 0.2500000000000000
0.0937500000000000 0.2500000000000000
0.1250000000000000 0.2500000000000000
0.1562500000000000 0.2500000000000000
0.1875000000000000 0.2500000000000000
0.2187500000000000 0.2500000000000000
0.2500000000000000 0.2500000000000000
0.2812500000000000 0.2500000000000000
0.3125000000000000 0.2500000000000000
0.3437500000000000 0.2500000000000000
0.3750000000000000 0.2500000000000000
0.4062500000000000 0.2500000000000000
0.4375000000000000 0.2500000000000000
0.4687500000000000 0.2500000000000000
0.5000000000000000 0.2500000000000000
0.5312500000000000 0.2500000000000000
0.5625000000000000 0.2500000000000000
0.5937500000000000 0.2500000000000000
0.6250000000000000 0.2500000000000000
0.6562500000000000 0.2500000000000000
0.6875000000000000 0.2500000000000000
0.7187500000000000 0.2500000000000000
0.7500000000000000 0.2500000000000000
0.7812500000000000 0.2500000000000000
0.8125000000000000 0.2500000000000000
0.8437500000000000 0.2500000000000000
0.8750000000000000 0.2500000000000000
0.9062500000000000 0.2500000000000000
0.9375000000000000 0.2500000000000000
0.9687500000000000 0.2500000000000000
1.0000000000000000 0.2500000000000000
0.0000000000000000 0.2812500000000000
0.0312500000000000 0.2812500000000000
0.0625000000000000 0.2812500000000000
0.0937500000000000 0.2812500000000000
0.1250000000000000 0.2812500000000000
0.1562500000000000 0.2812500000000000
0.1875000000000000 0.2812500000000000
0.2187500000000000 0.2812500000000000
0.2500000000000000 0.2812500000000000
0.2812500000000000 0.2812500000000000
0.3125000000000000 0.2812500000000000
0.3437500000000000 0.2812500000000000
0.3750000000000000 0.2812500000000000
0.4062500000000000 0.2812500000000000
0.4375000000000000 0.2812500000000000
0.4687500000000000 0.2812500000000000
0.5000000000000000 0.2812500000000000
0.5312500000000000 0.2812500000000000
0.5625000000000000 0.2812500000000000
0.5937500000000000 0.2812500000000000
0.6250000000000000 0.2812500000000000
0.6562500000000000 0.2812500000000000
0.6875000000000000 0.2812500000000000
0.7187500000000000 0.2812500000000000
0.7500000000000000 0.2812500000000000
0.7812500000000000 0.2812500000000000
0.8125000000000000 0.2812500000000000
0.8437500000000000 0.2812500000000000
0.8750000000000000 0.2812500000000000
0.9062500000000000 0.2812500000000000
0.9375000000000000 0.2812500000000000
0.9687500000000000 0.2812500000000000
1.0000000000000000 0.2812500000000000
0.0000000000000000 0.3125000000000000
0.0312500000000000 0.3125000000000000
0.0625000000000000 0.3125000000000000
0.0937500000000000 0.3125000000000000
0.1250000000000000 0.3125000000000000
0.1562500000000000 0.3125000000000000
0.1875000000000000 0.3125000000000000
0.2187500000000000 0.3125000000000000
0.2500000000000000 0.3125000000000000
0.2812500000000000 0.3125000000000000
0.3125000000000000 0.3125000000000000
0.3437500000000000 0.3125000000000000
0.3750000000000000 0.3125000000000000
0.4062500000000000 0.3125000000000000
0.4375000000000000 0.3125000000000000
0.4687500000000000 0.3125000000000000
0.5000000000000000 0.3125000000000000
0.5312500000000000 0.3125000000000000
0.5625000000000000 0.3125000000000000
0.5937500000000000 0.3125000000000000
0.6250000000000000 0.3125000000000000
0.6562500000000000 0.3125000000000000
0.6875000000000000 0.3125000000000000
0.7187500000000000 0.3125000000000000
0.7500000000000000 0.3125000000000000
0.7812500000000000 0.3125000000000000
0.8125000000000000 0.3125000000000000
0.8437500000000000 0.3125000000000000
0.8750000000000000 0.3125000000000000
0.9062500000000000 0.3125000000000000
0.9375000000000000 0.3125000000000000
0.9687500000000000 0.3125000000000000
1.0000000000000000 0.3125000000000000
0.0000000000000000 0.3437500000000000
0.0312500000000000 0.3437500000000000
0.0625000000000000 0.3437500000000000
0.0937500000000000 0.3437500000000000
0.1250000000000000 0.3437500000000000
0.1562500000000000 0.3437500000000000
0.1875000000000000 0.3437500000000000
0.2187500000000000 0.3437500000000000
0.2500000000000000 0.3437500000000000
0.2812500000000000 0.3437500000000000
0.3125000000000000 0.3437500000000000
0.3437500000000000 0.3437500000000000
0.3750000000000000 0.3437500000000000
0.4062500000000000 0.3437500000000000
0.4375000000000000 0.3437500000000000
0.4687500000000000 0.3437500000000000
0.5000000000000000 0.3437500000000000
0.5312500000000000 0.3437500000000000
0.5625000000000000 0.3437500000000000
0.5937500000000000 0.3437500000000000
0.6250000000000000 0.3437500000000000
0.6562500000000000 0.3437500000000000
0.6875000000000000 0.3437500000000000
0.7187500000000000 0.3437500000000000
0.7500000000000000 0.3437500000000000
0.7812500000000000 0.3437500000000000
0.8125000000000000 0.3437500000000000
0.8437500000000000 0.3437500000000000
0.8750000000000000 0.3437500000000000
0.9062500000000000 0.3437500000000000
0.9375000000000000 0.3437500000000000
0.9687500000000000 0.3437500000000000
1.0000000000000000 0.3437500000000000
0.0000000000000000 0.3750000000000000
0.0312500000000000 0.3750000000000000
0.0625000000000000 0.3750000000000000
0.0937500000000000 0.3750000000000000
0.1250000000000000 0.3750000000000000
0.1562500000000000 0.3750000000000000
0.1875000000000000 0.3750000000000000
0.2187500000000000 0.3750000000000000
0.2500000000000000 0.3750000000000000
0.2812500000000000 0.3750000000000000
0.3125000000000000 0.3750000000000000
0.3437500000000000 0.3750000000000000
0.3750000000000000 0.3750000000000000
0.4062500000000000 0.3750000000000000
0.4375000000000000 0.3750000000000000
0.4687500000000000 0.3750000000000000
0.5000000000000000 0.3750000000000000
0.5312500000000000 0.3750000000000000
0.5625000000000000 0.3750000000000000
0.5937500000000000 0.3750000000000000
0.6250000000000000 0.3750000000000000
0.6562500000000000 0.3750000000000000
0.6875000000000000 0.3750000000000000
0.7187500000000000 0.3750000000000000
0.7500000000000000 0.3750000000000000
0.7812500000000000 0.3750000000000000
0.8125000000000000 0.3750000000000000
0.8437500000000000 0.3750000000000000
0.8750000000000000 0.3750000000000000
0.9062500000000000 0.3750000000000000
0.9375000000000000 0.3750000000000000
0.9687500000000000 0.3750000000000000
1.0000000000000000 0.3750000000000000
0.0000000000000000 0.4062500000000000
0.0312500000000000 0.4062500000000000
0.0625000000000000 0.4062500000000000
0.0937500000000000 0.4062500000000000
0.1250000000000000 0.4062500000000000
0.1562500000000000 0.4062500000000000
0.1875000000000000 0.4062500000000000
0.2187500000000000 0.4062500000000000
0.2500000000000000 0.4062500000000000
0.2812500000000000 0.4062500000000000
0.3125000000000000 0.4062500000000000
0.3437500000000000 0.4062500000000000
0.3750000000000000 0.4062500000000000
0.4062500000000000 0.4062500000000000
0.4375000000000000 0.4062500000000000
0.4687500000000000 0.4062500000000000
0.5000000000000000 0.4062500000000000
0.5312500000000000 0.4062500000000000
0.5625000000000000 0.4062500000000000
0.5937500000000000 0.4062500000000000
0.6250000000000000 0.4062500000000000
0.6562500000000000 0.4062500000000000
0.6875000000000000 0.4062500000000000
0.7187500000000000 0.4062500000000000
0.7500000000000000 0.4062500000000000
0.7812500000000000 0.4062500000000000
0.8125000000000000 0.4062500000000000
0.8437500000000000 0.4062500000000000
0.8750000000000000 0.4062500000000000
0.9062500000000000 0.4062500000000000
0.9375000000000000 0.4062500000000000
0.9687500000000000 0.4062500000000000
1.0000000000000000 0.4062500000000000
0.0000000000000000 0.4375000000000000
0.0312500000000000 0.4375000000000000
0.0625000000000000 0.4375000000000000
0.0937500000000000 0.4375000000000000
0.1250000000000000 0.4375000000000000
0.1562500000000000 0.4375000000000000
0.1875000000000000 0.4375000000000000
0.2187500000000000 0.4375000000000000
0.2500000000000000 0.4375000000000000
0.2812500000000000 0.4375000000000000
0.3125000000000000 0.4375000000000000
0.3437500000000000 0.4375000000000000
0.3750000000000000 0.4375000000000000
0.4062500000000000 0.4375000000000000
0.4375000000000000 0.4375000000000000
0.4687500000000000 0.4375000000000000
0.5000000000000000 0.4375000000000000
0.5312500000000000 0.4375000000000000
0.5625000000000000 0.4375000000000000
0.5937500000000000 0.4375000000000000
0.6250000000000000 0.4375000000000000
0.6562500000000000 0.4375000000000000
0.6875000000000000 0.4375000000000000
0.7187500000000000 0.4375000000000000
0.7500000000000000 0.4375000000000000
0.7812500000000000 0.4375000000000000
0.8125000000000000 0.4375000000000000
0.8437500000000000 0.4375000000000000
0.8750000000000000 0.4375000000000000
0.9062500000000000 0.4375000000000000
0.9375000000000000 0.4375000000000000
0.9687500000000000 0.4375000000000000
1.0000000000000000 0.4375000000000000
0.0000000000000000 0.4687500000000000
0.0312500000000000 0.4687500000000000
0.0625000000000000 0.4687500000000000
0.0937500000000000 0.4687500000000000
0.1250000000000000 0.4687500000000000
0.1562500000000000 0.4687500000000000
0.1875000000000000 0.4687500000000000
0.2187500000000000 0.4687500000000000
0.2500000000000000 0.4687500000000000
0.2812500000000000 0.4687500000000000
0.3125000000000000 0.4687500000000000
0.3437500000000000 0.4687500000000000
0.3750000000000000 0.4687500000000000
0.4062500000000000 0.4687500000000000
0.4375000000000000 0.4687500000000000
0.4687500000000000 0.4687500000000000
0.5000000000000000 0.4687500000000000
0.5312500000000000 0.4687500000000000
0.5625000000000000 0.4687500000000000
0.5937500000000000 0.4687500000000000
0.6250000000000000 0.4687500000000000
0.6562500000000000 0.4687500000000000
0.6875000000000000 0.4687500000000000
0.7187500000000000 0.4687500000000000
0.7500000000000000 0.4687500000000000
0.7812500000000000 0.4687500000000000
0.8125000000000000 0.4687500000000000
0.8437500000000000 0.4687500000000000
0.8750000000000000 0.4687500000000000
0.9062500000000000 0.4687500000000000
0.9375000000000000 0.4687500000000000
0.9687500000000000 0.4687500000000000
1.0000000000000000 0.4687500000000000
0.0000000000000000 0.5000000000000000
0.0312500000000000 0.5000000000000000
0.0625000000000000 0.5000000000000000
0.0937500000000000 0.5000000000000000
0.1250000000000000 0.5000000000000000
0.1562500000000000 0.5000000000000000
0.1875000000000000 0.5000000000000000
0.2187500000000000 0.5000000000000000
0.2500000000000000 0.5000000000000000
0.2812500000000000 0.5000000000000000
0.3125000000000000 0.5000000000000000
0.3437500000000000 0.5000000000000000
0.3750000000000000 0.5000000000000000
0.4062500000000000 0.5000000000000000
0.4375000000000000 0.5000000000000000
0.4687500000000000 0.5000000000000000
0.5000000000000000 0.5000000000000000
0.5312500000000000 0.5000000000000000
0.5625000000000000 0.5000000000000000
0.5937500000000000 0.5000000000000000
0.6250000000000000 0.5000000000000000
0.6562500000000000 0.5000000000000000
0.6875000000000000 0.5000000000000000
0.7187500000000000 0.5000000000000000
0.7500000000000000 0.5000000000000000
0.7812500000000000 0.5000000000000000
0.8125000000000000 0.5000000000000000
0.8437500000000000 0.5000000000000000
0.8750000000000000 0.5000000000000000
0.9062500000000000 0.5000000000000000
0.9375000000000000 0.5000000000000000
0.9687500000000000 0.5000000000000000
1.0000000000000000 0.5000000000000000
0.0000000000000000 0.5312500000000000
0.0312500000000000 0.5312500000000000
0.0625000000000000 0.5312500000000000
0.0937500000000000 0.5312500000000000
0.1250000000000000 0.5312500000000000
0.1562500000000000 0.5312500000000000
0.1875000000000000 0.5312500000000000
0.2187500000000000 0.5312500000000000
0.2500000000000000 0.5312500000000000
0.2812500000000000 0.5312500000000000
0.3125000000000000 0.5312500000000000
0.3437500000000000 0.5312500000000000
0.3750000000000000 0.5312500000000000
0.4062500000000000 0.5312500000000000
0.4375000000000000 0.5312500000000000
0.4687500000000000 0.5312500000000000
0.5000000000000000 0.5312500000000000
0.5312500000000000 0.5312500000000000
0.5625000000000000 0.5312500000000000
0.5937500000000000 0.5312500000000000
0.6250000000000000 0.5312500000000000
0.6562500000000000 0.5312500000000000
0.6875000000000000 0.5312500000000000
0.7187500000000000 0.5312500000000000
0.7500000000000000 0.5312500000000000
0.7812500000000000 0.5312500000000000
0.8125000000000000 0.5312500000000000
0.8437500000000000 0.5312500000000000
0.8750000000000000 0.5312500000000000
0.9062500000000000 0.5312500000000000
0.9375000000000000 0.5312500000000000
0.9687500000000000 0.5312500000000000
1.0000000000000000 0.5312500000000000
0.0000000000000000 0.5625000000000000
0.0312500000000000 0.5625000000000000
0.0625000000000000 0.5625000000000000
0.0937500000000000 0.5625000000000000
0.1250000000000000 0.5625000000000000
0.1562500000000000 0.5625000000000000
0.1875000000000000 0.5625000000000000
0.2187500000000000 0.5625000000000000
0.2500000000000000 0.5625000000000000
0.2812500000000000 0.5625000000000000
0.3125000000000000 0.5625000000000000
0.3437500000000000 0.5625000000000000
0.3750000000000000 0.5625000000000000
0.4062500000000000 0.5625000000000000
0.4375000000000000 0.5625000000000000
0.4687500000000000 0.5625000000000000
0.5000000000000000 0.5625000000000000
0.5312500000000000 0.5625000000000000
0.5625000000000000 0.5625000000000000
0.5937500000000000 0.5625000000000000
0.6250000000000000 0.5625000000000000
0.6562500000000000 0.5625000000000000
0.6875000000000000 0.5625000000000000
0.7187500000000000 0.5625000000000000
0.7500000000000000 0.5625000000000000
0.7812500000000000 0.5625000000000000
0.8125000000000000 0.5625000000000000
0.8437500000000000 0.5625000000000000
0.8750000000000000 0.5625000000000000
0.9062500000000000 0.5625000000000000
0.9375000000000000 0.5625000000000000
0.9687500000000000 0.5625000000000000
1.0000000000000000 0.5625000000000000
0.0000000000000000 0.5937500000000000
0.0312500000000000 0.5937500000000000
0.0625000000000000 0.5937500000000000
0.0937500000000000 0.5937500000000000
0.1250000000000000 0.5937500000000000
0.1562500000000000 0.5937500000000000
0.1875000000000000 0.5937500000000000
0.2187500000000000 0.5937500000000000
0.2500000000000000 0.5937500000000000
0.2812500000000000 0.5937500000000000
0.3125000000000000 0.5937500000000000
0.3437500000000000 0.5937500000000000
0.3750000000000000 0.5937500000000000
0.4062500000000000 0.5937500000000000
0.4375000000000000 0.5937500000000000
0.4687500000000000 0.5937500000000000
0.5000000000000000 0.5937500000000000
0.5312500000000000 0.5937500000000000
0.5625000000000000 0.5937500000000000
0.5937500000000000 0.5937500000000000
0.6250000000000000 0.5937500000000000
0.6562500000000000 0.5937500000000000
0.6875000000000000 0.5937500000000000
0.7187500000000000 0.5937500000000000
0.7500000000000000 0.5937500000000000
0.7812500000000000 0.5937500000000000
0.8125000000000000 0.5937500000000000
0.8437500000000000 0.5937500000000000
0.8750000000000000 0.5937500000000000
0.9062500000000000 0.5937500000000000
0.9375000000000000 0.5937500000000000
0.9687500000000000 0.5937500000000000
1.0000000000000000 0.5937500000000000
0.0000000000000000 0.6250000000000000
0.0312500000000000 0.6250000000000000
0.0625000000000000 0.6250000000000000
0.0937500000000000 0.6250000000000000
0.1250000000000000 0.6250000000000000
0.1562500000000000 0.6250000000000000
0.1875000000000000 0.6250000000000000
0.2187500000000000 0.6250000000000000
0.2500000000000000 0.6250000000000000
0.2812500000000000 0.6250000000000000
0.3125000000000000 0.6250000000000000
0.3437500000000000 0.6250000000000000
0.3750000000000000 0.6250000000000000
0.4062500000000000 0.6250000000000000
0.4375000000000000 0.6250000000000000
0.4687500000000000 0.6250000000000000
0.5000000000000000 0.6250000000000000
0.5312500000000000 0.6250000000000000
0.5625000000000000 0.6250000000000000
0.5937500000000000 0.6250000000000000
0.6250000000000000 0.6250000000000000
0.6562500000000000 0.6250000000000000
0.6875000000000000 0.6250000000000000
0.7187500000000000 0.6250000000000000
0.7500000000000000 0.6250000000000000
0.7812500000000000 0.6250000000000000
0.8125000000000000 0.6250000000000000
0.8437500000000000 0.6250000000000000
0.8750000000000000 0.6250000000000000
0.9062500000000000 0.6250000000000000
0.9375000000000000 0.6250000000000000
0.9687500000000000 0.6250000000000000
1.0000000000000000 0.6250000000000000
0.0000000000000000 0.6562500000000000
0.0312500000000000 0.6562500000000000
0.0625000000000000 0.6562500000000000
0.0937500000000000 0.6562500000000000
0.1250000000000000 0.6562500000000000
0.1562500000000000 0.6562500000000000
0.1875000000000000 0.6562500000000000
0.2187500000000000 0.6562500000000000
0.2500000000000000 0.6562500000000000
0.2812500000000000 0.6562500000000000
0.3125000000000000 0.6562500000000000
0.3437500000000000 0.6562500000000000
0.3750000000000000 0.6562500000000000
0.4062500000000000 0.6562500000000000
0.4375000000000000 0.6562500000000000
0.4687500000000000 0.6562500000000000
0.5000000000000000 0.6562500000000000
0.5312500000000000 0.6562500000000000
0.5625000000000000 0.6562500000000000
0.5937500000000000 0.6562500000000000
0.6250000000000000 0.6562500000000000
0.6562500000000000 0.6562500000000000
0.6875000000000000 0.6562500000000000
0.7187500000000000 0.6562500000000000
0.7500000000000000 0.6562500000000000
0.7812500000000000 0.6562500000000000
0.8125000000000000 0.6562500000000000
0.8437500000000000 0.6562500000000000
0.8750000000000000 0.6562500000000000
0.9062500000000000 0.6562500000000000
0.9375000000000000 0.6562500000000000
0.9687500000000000 0.6562500000000000
1.0000000000000000 0.6562500000000000
0.0000000000000000 0.6875000000000000
0.0312500000000000 0.6875000000000000
0.0625000000000000 0.6875000000000000
0.0937500000000000 0.6875000000000000
0.1250000000000000 0.6875000000000000
0.1562500000000000 0.6875000000000000
0.1875000000000000 0.6875000000000000
0.2187500000000000 0.6875000000000000
0.2500000000000000 0.6875000000000000
0.2812500000000000 0.6875000000000000
0.3125000000000000 0.6875000000000000
0.3437500000000000 0.6875000000000000
0.3750000000000000 0.6875000000000000
0.4062500000000000 0.6875000000000000
0.4375000000000000 0.6875000000000000
0.4687500000000000 0.6875000000000000
0.5000000000000000 0.6875000000000000
0.5312500000000000 0.6875000000000000
0.5625000000000000 0.6875000000000000
0.5937500000000000 0.6875000000000000
0.6250000000000000 0.6875000000000000
0.6562500000000000 0.6875000000000000
0.6875000000000000 0.6875000000000000
0.7187500000000000 0.6875000000000000
0.7500000000000000 0.6875000000000000
0.7812500000000000 0.6875000000000000
0.8125000000000000 0.6875000000000000
0.8437500000000000 0.6875000000000000
0.8750000000000000 0.6875000000000000
0.9062500000000000 0.6875000000000000
0.9375000000000000 0.6875000000000000
0.9687500000000000 0.6875000000000000
1.0000000000000000 0.6875000000000000
0.0000000000000000 0.7187500000000000
0.0312500000000000 0.7187500000000000
0.0625000000000000 0.7187500000000000
0.0937500000000000 0.7187500000000000
0.1250000000000000 0.7187500000000000
0.1562500000000000 0.7187500000000000
0.1875000000000000 0.7187500000000000
0.2187500000000000 0.7187500000000000
0.2500000000000000 0.7187500000000000
0.2812500000000000 0.7187500000000000
0.3125000000000000 0.7187500000000000
0.3437500000000000 0.7187500000000000
0.3750000000000000 0.7187500000000000
0.4062500000000000 0.7187500000000000
0.4375000000000000 0.7187500000000000
0.4687500000000000 0.7187500000000000
0.5000000000000000 0.7187500000000000
0.5312500000000000 0.7187500000000000
0.5625000000000000 0.7187500000000000
0.5937500000000000 0.7187500000000000
0.6250000000000000 0.7187500000000000
0.6562500000000000 0.7187500000000000
0.6875000000000000 0.7187500000000000
0.7187500000000000 0.7187500000000000
0.7500000000000000 0.7187500000000000
0.7812500000000000 0.7187500000000000
0.8125000000000000 0.7187500000000000
0.8437500000000000 0.7187500000000000
0.8750000000000000 0.7187500000000000
0.9062500000000000 0.7187500000000000
0.9375000000000000 0.7187500000000000
0.9687500000000000 0.7187500000000000
1.0000000000000000 0.7187500000000000
0.0000000000000000 0.7500000000000000
0.0312500000000000 0.7500000000000000
0.0625000000000000 0.7500000000000000
0.0937500000000000 0.7500000000000000
0.1250000000000000 0.7500000000000000
0.1562500000000000 0.7500000000000000
0.1875000000000000 0.7500000000000000
0.2187500000000000 0.7500000000000000
0.2500000000000000 0.7500000000000000
0.2812500000000000 0.7500000000000000
0.3125000000000000 0.7500000000000000
0.3437500000000000 0.7500000000000000
0.3750000000000000 0.7500000000000000
0.4062500000000000 0.7500000000000000
0.4375000000000000 0.7500000000000000
0.4687500000000000 0.7500000000000000
0.5000000000000000 0.7500000000000000
0.5312500000000000 0.7500000000000000
0.5625000000000000 0.7500000000000000
0.5937500000000000 0.7500000000000000
0.6250000000000000 0.7500000000000000
0.6562500000000000 0.7500000000000000
0.6875000000000000 0.7500000000000000
0.7187500000000000 0.7500000000000000
0.7500000000000000 0.7500000000000000
0.7812500000000000 0.7500000000000000
0.8125000000000000 0.7500000000000000
0.8437500000000000 0.7500000000000000
0.8750000000000000 0.7500000000000000
0.9062500000000000 0.7500000000000000
0.9375000000000000 0.7500000000000000
0.9687500000000000 0.7500000000000000
1.0000000000000000 0.7500000000000000
0.0000000000000000 0.7812500000000000
0.0312500000000000 0.7812500000000000
0.0625000000000000 0.7812500000000000
0.0937500000000000 0.7812500000000000
0.1250000000000000 0.7812500000000000
0.1562500000000000 0.7812500000000000
0.1875000000000000 0.7812500000000000
0.2187500000000000 0.7812500000000000
0.2500000000000000 0.7812500000000000
0.2812500000000000 0.7812500000000000
0.3125000000000000 0.7812500000000000
0.3437500000000000 0.7812500000000000
0.3750000000000000 0.7812500000000000
0.4062500000000000 0.7812500000000000
0.4375000000000000 0.7812500000000000
0.4687500000000000 0.7812500000000000
0.5000000000000000 0.7812500000000000
0.5312500000000000 0.7812500000000000
0.5625000000000000 0.7812500000000000
0.5937500000000000 0.7812500000000000
0.6250000000000000 0.7812500000000000
0.6562500000000000 0.7812500000000000
0.6875000000000000 0.7812500000000000
0.7187500000000000 0.7812500000000000
0.7500000000000000 0.7812500000000000
0.7812500000000000 0.7812500000000000
0.8125000000000000 0.7812500000000000
0.8437500000000000 0.7812500000000000
0.8750000000000000 0.7812500000000000
0.9062500000000000 0.7812500000000000
0.9375000000000000 0.7812500000000000
0.9687500000000000 0.7812500000000000
1.0000000000000000 0.7812500000000000
0.0000000000000000 0.8125000000000000
0.0312500000000000 0.8125000000000000
0.0625000000000000 0.8125000000000000
0.0937500000000000 0.8125000000000000
0.1250000000000000 0.8125000000000000
0.1562500000000000 0.8125000000000000
0.1875000000000000 0.8125000000000000
0.2187500000000000 0.8125000000000000
0.2500000000000000 0.8125000000000000
0.2812500000000000 0.8125000000000000
0.3125000000000000 0.8125000000000000
0.3437500000000000 0.8125000000000000
0.3750000000000000 0.8125000000000000
0.4062500000000000 0.8125000000000000
0.4375000000000000 0.8125000000000000
0.4687500000000000 0.8125000000000000
0.5000000000000000 0.8125000000000000
0.5312500000000000 0.8125000000000000
0.5625000000000000 0.8125000000000000
0.5937500000000000 0.8125000000000000
0.6250000000000000 0.8125000000000000
0.6562500000000000 0.8125000000000000
0.6875000000000000 0.8125000000000000
0.7187500000000000 0.8125000000000000
0.7500000000000000 0.8125000000000000
0.7812500000000000 0.8125000000000000
0.8125000000000000 0.8125000000000000
0.8437500000000000 0.8125000000000000
0.8750000000000000 0.8125000000000000
0.9062500000000000 0.8125000000000000
0.9375000000000000 0.8125000000000000
0.9687500000000000 0.8125000000000000
1.0000000000000000 0.8125000000000000
0.0000000000000000 0.8437500000000000
0.0312500000000000 0.8437500000000000
0.0625000000000000 0.8437500000000000
0.0937500000000000 0.8437500000000000
0.1250000000000000 0.8437500000000000
0.1562500000000000 0.8437500000000000
0.1875000000000000 0.8437500000000000
0.2187500000000000 0.8437500000000000
0.2500000000000000 0.8437500000000000
0.2812500000000000 0.8437500000000000
0.3125000000000000 0.8437500000000000
0.3437500000000000 0.8437500000000000
0.3750000000000000 0.8437500000000000
0.4062500000000000 0.8437500000000000
0.4375000000000000 0.8437500000000000
0.4687500000000000 0.8437500000000000
0.5000000000000000 0.8437500000000000
0.5312500000000000 0.8437500000000000
0.5625000000000000 0.8437500000000000
0.5937500000000000 0.8437500000000000
0.6250000000000000 0.8437500000000000
0.6562500000000000 0.8437500000000000
0.6875000000000000 0.8437500000000000
0.7187500000000000 0.8437500000000000
0.7500000000000000 0.8437500000000000
0.7812500000000000 0.8437500000000000
0.8125000000000000 0.8437500000000000
0.8437500000000000 0.8437500000000000
0.8750000000000000 0.8437500000000000
0.9062500000000000 0.8437500000000000
0.9375000000000000 0.8437500000000000
0.9687500000000000 0.8437500000000000
1.0000000000000000 0.8437500000000000
0.0000000000000000 0.8750000000000000
0.0312500000000000 0.8750000000000000
0.0625000000000000 0.8750000000000000
0.0937500000000000 0.8750000000000000
0.1250000000000000 0.8750000000000000
0.1562500000000000 0.8750000000000000
0.1875000000000000 0.8750000000000000
0.2187500000000000 0.8750000000000000
0.2500000000000000 0.8750000000000000
0.2812500000000000 0.8750000000000000
0.3125000000000000 0.8750000000000000
0.3437500000000000 0.8750000000000000
0.3750000000000000 0.8750000000000000
0.4062500000000000 0.8750000000000000
0.4375000000000000 0.8750000000000000
0.4687500000000000 0.8750000000000000
0.5000000000000000 0.8750000000000000
0.5312500000000000 0.8750000000000000
0.5625000000000000 0.8750000000000000
0.5937500000000000 0.8750000000000000
0.6250000000000000 0.8750000000000000
0.6562500000000000 0.8750000000000000
0.6875000000000000 0.8750000000000000
0.7187500000000000 0.8750000000000000
0.7500000000000000 0.8750000000000000
0.7812500000000000 0.8750000000000000
0.8125000000000000 0.8750000000000000
0.8437500000000000 0.8750000000000000
0.8750000000000000 0.8750000000000000
0.9062500000000000 0.8750000000000000
0.9375000000000000 0.8750000000000000
0.9687500000000000 0.8750000000000000
1.0000000000000000 0.8750000000000000
0.0000000000000000 0.9062500000000000
0.0312500000000000 0.9062500000000000
0.0625000000000000 0.9062500000000000
0.0937500000000000 0.9062500000000000
0.1250000000000000 0.9062500000000000
0.1562500000000000 0.9062500000000000
0.1875000000000000 0.9062500000000000
0.2187500000000000 0.9062500000000000
0.2500000000000000 0.9062500000000000
0.2812500000000000 0.9062500000000000
0.3125000000000000 0.9062500000000000
0.3437500000000000 0.9062500000000000
0.3750000000000000 0.9062500000000000
0.4062500000000000 0.9062500000000000
0.4375000000000000 0.9062500000000000
0.4687500000000000 0.9062500000000000
0.5000000000000000 0.9062500000000000
0.5312500000000000 0.9062500000000000
0.5625000000000000 0.9062500000000000
0.5937500000000000 0.9062500000000000
0.6250000000000000 0.9062500000000000
0.6562500000000000 0.9062500000000000
0.6875000000000000 0.9062500000000000
0.7187500000000000 0.9062500000000000
0.7500000000000000 0.9062500000000000
0.7812500000000000 0.9062500000000000
0.8125000000000000 0.9062500000000000
0.8437500000000000 0.9062500000000000
0.8750000000000000 0.9062500000000000
0.9062500000000000 0.9062500000000000
0.9375000000000000 0.9062500000000000
0.9687500000000000 0.9062500000000000
1.0000000000000000 0.9062500000000000
0.0000000000000000 0.9375000000000000
0.0312500000000000 0.9375000000000000
0.0625000000000000 0.9375000000000000
0.0937500000000000 0.9375000000000000
0.1250000000000000 0.9375000000000000
0.1562500000000000 0.9375000000000000
0.1875000000000000 0.9375000000000000
0.2187500000000000 0.9375000000000000
0.2500000000000000 0.9375000000000000
0.2812500000000000 0.9375000000000000
0.3125000000000000 0.9375000000000000
0.3437500000000000 0.9375000000000000
0.3750000000000000 0.9375000000000000
0.4062500000000000 0.9375000000000000
0.4375000000000000 0.9375000000000000
0.4687500000000000 0.9375000000000000
0.5000000000000000 0.9375000000000000
0.5312500000000000 0.9375000000000000
0.5625000000000000 0.9375000000000000
0.5937500000000000 0.9375000000000000
0.6250000000000000 0.9375000000000000
0.6562500000000000 0.9375000000000000
0.6875000000000000 0.9375000000000000
0.7187500000000000 0.9375000000000000
0.7500000000000000 0.9375000000000000
0.7812500000000000 0.9375000000000000
0.8125000000000000 0.9375000000000000
0.8437500000000000 0.9375000000000000
0.8750000000000000 0.9375000000000000
0.9062500000000000 0.9375000000000000
0.9375000000000000 0.9375000000000000
0.9687500000000000 0.9375000000000000
1.0000000000000000 0.9375000000000000
0.0000000000000000 0.9687500000000000
0.0312500000000000 0.9687500000000000
0.0625000000000000 0.9687500000000000
0.0937500000000000 0.9687500000000000
0.1250000000000000 0.9687500000000000
0.1562500000000000 0.9687500000000000
0.1875000000000000 0.9687500000000000
0.2187500000000000 0.9687500000000000
0.2500000000000000 0.9687500000000000
0.2812500000000000 0.9687500000000000
0.3125000000000000 0.9687500000000000
0.3437500000000000 0.9687500000000000
0.3750000000000000 0.9687500000000000
0.4062500000000000 0.9687500000000000
0.4375000000000000 0.9687500000000000
0.4687500000000000 0.9687500000000000
0.5000000000000000 0.9687500000000000
0.5312500000000000 0.9687500000000000
0.5625000000000000 0.9687500000000000
0.5937500000000000 0.9687500000000000
0.6250000000000000 0.9687500000000000
0.6562500000000000 0.9687500000000000
0.6875000000000000 0.9687500000000000
0.7187500000000000 0.9687500000000000
0.7500000000000000 0.9687500000000000
0.7812500000000000 0.9687500000000000
0.8125000000000000 0.9687500000000000
0.8437500000000000 0.9687500000000000
0.8750000000000000 0.9687500000000000
0.9062500000000000 0.9687500000000000
0.9375000000000000 0.9687500000000000
0.9687500000000000 0.9687500000000000
1.0000000000000000 0.9687500000000000
0.0000000000000000 1.0000000000000000
0.0312500000000000 1.0000000000000000
0.0625000000000000 1.0000000000000000
0.0937500000000000 1.0000000000000000
0.1250000000000000 1.0000000000000000
0.1562500000000000 1.0000000000000000
0.1875000000000000 1.0000000000000000
0.2187500000000000 1.0000000000000000
0.2500000000000000 1.0000000000000000
0.2812500000000000 1.0000000000000000
0.3125000000000000 1.0000000000000000
0.3437500000000000 1.0000000000000000
0.3750000000000000 1.0000000000000000
0.4062500000000000 1.0000000000000000
0.4375000000000000 1.0000000000000000
0.4687500000000000 1.0000000000000000
0.5000000000000000 1.0000000000000000
0.5312500000000000 1.0000000000000000
0.5625000000000000 1.0000000000000000
0.5937500000000000 1.0000000000000000
0.6250000000000000 1.0000000000000000
0.6562500000000000 1.0000000000000000
0.6875000000000000 1.0000000000000000
0.7187500000000000 1.0000000000000000
0.7500000000000000 1.0000000000000000
0.7812500000000000 1.0000000000000000
0.8125000000000000 1.0000000000000000
0.8437500000000000 1.0000000000000000
0.8750000000000000 1.0000000000000000
0.9062500000000000 1.0000000000000000
0.9375000000000000 1.0000000000000000
0.9687500000000000 1.0000000000000000
1.0000000000000000 1.0000000000000000
# element connectivity: number of elements followed by the connectivity (each line: nodes_per_element(nel) node1 node 2 ... node_nel)
2048
3 1 2 35 
3 35 34 1 
3 2 3 36 
3 36 35 2 
3 3 4 37 
3 37 36 3 
3 4 5 38 
3 38 37 4 
3 5 6 39 
3 39 38 5 
3 6 7 40 
3 40 39 6 
3 7 8 41 
3 41 40 7 
3 8 9 42 
3 42 41 8 
3 9 10 43 
3 43 42 9 
3 10 11 44 
3 44 43 10 
3 11 12 45 
3 45 44 11 
3 12 13 46 
3 46 45 12 
3 13 14 47 
3 47 46 13 
3 14 15 48 
3 48 47 14 
3 15 16 49 
3 49 48 15 
3 16 17 50 
3 50 49 16 
3 17 18 51 
3 51 50 17 
3 18 19 52 
3 52 51 18 
3 19 20 53 
3 53 52 19 
3 20 21 54 
3 54 53 20 
3 21 22 55 
3 55 54 21 
3 22 23 56 
3 56 55 22 
3 23 24 57 
3 57 56 23 
3 24 25 58 
3 58 57 24 
3 25 26 59 
3 59 58 25 
3 26 27 60 
3 60 59 26 
3 27 28 61 
3 61 60 27 
3 28 29 62 
3 62 61 28 
3 29 30 63 
3 63 62 29 
3 30 31 64 
3 64 63 30 
3 31 32 65 
3 65 64 31 
3 32 33 66 
3 66 65 32 
3 34 35 68 
3 68 67 34 
3 35 36 69 
3 69 68 35 
3 36 37 70 
3 70 69 36 
3 37 38 71 
3 71 70 37 
3 38 39 72 
3 72 71 38 
3 39 40 73 
3 73 72 39 
3 40 41 74 
3 74 73 40 
3 41 42 75 
3 75 74 41 
3 42 43 76 
3 76 75 42 
3 43 44 77 
3 77 76 43 
3 44 45 78 
3 78 77 44 
3 45 46 79 
3 79 78 45 
3 46 47 80 
3 80 79 46 
3 47 48 81 
3 81 80 47 
3 48 49 82 
3 82 81 48 
3 49 50 83 
3 83 82 49 
3 50 51 84 
3 84 83 50 
3 51 52 85 
3 85 84 51 
3 52 53 86 
3 86 85 52 
3 53 54 87 
3 87 86 53 
3 54 55 88 
3 88 87 54 
3 55 56 89 
3 89 88 55 
3 56 57 90 
3 90 89 56 
3 57 58 91 
3 91 90 57 
3 58 59 92 
3 92 91 58 
3 59 60 93 
3 93 92 59 
3 60 61 94 
3 94 93 60 
3 61 62 95 
3 95 94 61 
3 62 63 96 
3 96 95 62 
3 63 64 97 
3 97 96 63 
3 64 65 98 
3 98 97 64 
3 65 66 99 
3 99 98 65 
3 67 68 101 
3 101 100 67 
3 68 69 102 
3 102 101 68 
3 69 70 103 
3 103 102 69 
3 70 71 104 
3 104 103 70 
3 71 72 105 
3 105 104 71 
3 72 73 106 
3 106 105 72 
3 73 74 107 
3 107 106 73 
3 74 75 108 
3 108 107 74 
3 75 76 109 
3 109 108 75 
3 76 77 110 
3 110 109 76 
3 77 78 111 
3 111 110 77 
3 78 79 112 
3 112 111 78 
3 79 80 113 
3 113 112 79 
3 80 81 114 
3 114 113 80 
3 81 82 115 
3 115 114 81 
3 82 83 116 
3 116 115 82 
3 83 84 117 
3 117 116 83 
3 84 85 118 
3 118 117 84 
3 85 86 119 
3 119 118 85 
3 86 87 120 
3 120 119 86 
3 87 88 121 
3 121 120 87 
3 88 89 122 
3 122 121 88 
3 89 90 123 
3 123 122 89 
3 90 91 124 
3 124 123 90 
3 91 92 125 
3 125 124 91 
3 92 93 126 
3 126 125 92 
3 93 94 127 
3 127 126 93 
3 94 95 128 
3 128 127 94 
3 95 96 129 
3 129 128 95 
3 96 97 130 
3 130 129 96 
3 97 98 131 
3 131 130 97 
3 98 99 132 
3 132 131 98 
3 100 101 134 
3 134 133 100 
3 101 102 135 
3 135 134 101 
3 102 103 136 
3 136 135 102 
3 103 104 137 
3 137 136 103 
3 104 105 138 
3 138 137 104 
3 105 106 139 
3 139 138 105 
3 106 107 140 
3 140 139 106 
3 107 108 141 
3 141 140 107 
3 108 109 142 
3 142 141 108 
3 109 110 143 
3 143 142 109 
3 110 111 144 
3 144 143 110 
3 111 112 145 
3 145 144 111 
3 112 113 146 
3 146 145 112 
3 113 114 147 
3 147 146 113 
3 114 115 148 
3 148 147 114 
3 115 116 149 
3 149 148 115 
3 116 117 150 
3 150 149 116 
3 117 118 151 
3 151 150 117 
3 118 119 152 
3 152 151 118 
3 119 120 153 
3 153 152 119 
3 120 121 154 
3 154 153 120 
3 121 122 155 
3 155 154 121 
3 122 123 156 
3 156 155 122 
3 123 124 157 
3 157 156 123 
3 124 125 158 
3 158 157 124 
3 125 126 159 
3 159 158 125 
3 126 127 160 
3 160 159 126 
3 127 128 161 
3 161 160 127 
3 128 129 162 
3 162 161 128 
3 129 130 163 
3 163 162 129 
3 130 131 164 
3 164 163 130 
3 131 132 165 
3 165 164 131 
3 133 134 167 
3 167 166 133 
3 134 135 168 
3 168 167 134 
3 135 136 169 
3 169 168 135 
3 136 137 170 
3 170 169 136 
3 137 138 171 
3 171 170 137 
3 138 139 172 
3 172 171 138 
3 139 140 173 
3 173 172 139 
3 140 141 174 
3 174 173 140 
3 141 142 175 
3 175 174 141 
3 142 143 176 
3 176 175 142 
3 143 144 177 
3 177 176 143 
3 144 145 178 
3 178 177 144 
3 145 146 179 
3 179 178 145 
3 146 147 180 
3 180 179 146 
3 147 148 181 
3 181 180 147 
3 148 149 182 
3 182 181 148 
3 149 150 183 
3 183 182 149 
3 150 151 184 
3 184 183 150 
3 151 152 185 
3 185 184 151 
3 152 153 186 
3 186 185 152 
3 153 154 187 
3 187 186 153 
3 154 155 188 
3 188 187 154 
3 155 156 189 
3 189 188 155 
3 156 157 190 
3 190 189 156 
3 157 158 191 
3 191 190 157 
3 158 159 192 
3 192 191 158 
3 159 160 193 
3 193 192 159 
3 160 161 194 
3 194 193 160 
3 161 162 195 
3 195 194 161 
3 162 163 196 
3 196 195 162 
3 163 164 197 
3 197 196 163 
3 164 165 198 
3 198 197 164 
3 166 167 200 
3 200 199 166 
3 167 168 201 
3 201 200 167 
3 168 169 202 
3 202 201 168 
3 169 170 203 
3 203 202 169 
3 170 171 204 
3 204 203 170 
3 171 172 205 
3 205 204 171 
3 172 173 206 
3 206 205 172 
3 173 174 207 
3 207 206 173 
3 174 175 208 
3 208 207 174 
3 175 176 209 
3 209 208 175 
3 176 177 210 
3 210 209 176 
3 177 178 211 
3 211 210 177 
3 178 179 212 
3 212 211 178 
3 179 180 213 
3 213 212 179 
3 180 181 214 
3 214 213 180 
3 181 182 215 
3 215 214 181 
3 182 183 216 
3 216 215 182 
3 183 184 217 
3 217 216 183 
3 184 185 218 
3 218 217 184 
3 185 186 219 
3 219 218 185 
3 186 187 220 
3 220 219 186 
3 187 188 221 
3 221 220 187 
3 188 189 222 
3 222 221 188 
3 189 190 223 
3 223 222 189 
3 190 191 224 
3 224 223 190 
3 191 192 225 
3 225 224 191 
3 192 193 226 
3 226 225 192 
3 193 194 227 
3 227 226 193 
3 194 195 228 
3 228 227 194 
3 195 196 229 
3 229 228 195 
3 196 197 230 
3 230 229 196 
3 197 198 231 
3 231 230 197 
3 199 200 233 
3 233 232 199 
3 200 201 234 
3 234 233 200 
3 201 202 235 
3 235 234 201 
3 202 203 236 
3 236 235 202 
3 203 204 237 
3 237 236 203 
3 204 205 238 
3 238 237 204 
3 205 206 239 
3 239 238 205 
3 206 207 240 
3 240 239 206 
3 207 208 241 
3 241 240 207 
3 208 209 242 
3 242 241 208 
3 209 210 243 
3 243 242 209 
3 210 211 244 
3 244 243 210 
3 211 212 245 
3 245 244 211 
3 212 213 246 
3 246 245 212 
3 213 214 247 
3 247 246 213 
3 214 215 248 
3 248 247 214 
3 215 216 249 
3 249 248 215 
3 216 217 250 
3 250 249 216 
3 217 218 251 
3 251 250 217 
3 218 219 252 
3 252 251 218 
3 219 220 253 
3 253 252 219 
3 220 221 254 
3 254 253 220 
3 221 222 255 
3 255 254 221 
3 222 223 256 
3 256 255 222 
3 223 224 257 
3 257 256 223 
3 224 225 258 
3 258 257 224 
3 225 226 259 
3 259 258 225 
3 226 227 260 
3 260 259 226 
3 227 228 261 
3 261 260 227 
3 228 229 262 
3 262 261 228 
3 229 230 263 
3 263 262 229 
3 230 231 264 
3 264 263 230 
3 232 233 266 
3 266 265 232 
3 233 234 267 
3 267 266 233 
3 234 235 268 
3 268 267 234 
3 235 236 269 
3 269 268 235 
3 236 237 270 
3 270 269 236 
3 237 238 271 
3 271 270 237 
3 238 239 272 
3 272 271 238 
3 239 240 273 
3 273 272 239 
3 240 241 274 
3 274 273 240 
3 241 242 275 
3 275 274 241 
3 242 243 276 
3 276 275 242 
3 243 244 277 
3 277 276 243 
3 244 245 278 
3 278 277 244 
3 245 246 279 
3 279 278 245 
3 246 247 280 
3 280 279 246 
3 247 248 281 
3 281 280 247 
3 248 249 282 
3 282 281 248 
3 249 250 283 
3 283 282 249 
3 250 251 284 
3 284 283 250 
3 251 252 285 
3 285 284 251 
3 252 253 286 
3 286 285 252 
3 253 254 287 
3 287 286 253 
3 254 255 288 
3 288 287 254 
3 255 256 289 
3 289 288 255 
3 256 257 290 
3 290 289 256 
3 257 258 291 
3 291 290 257 
3 258 259 292 
3 292 291 258 
3 259 260 293 
3 293 292 259 
3 260 261 294 
3 294 293 260 
3 261 262 295 
3 295 294 261 
3 262 263 296 
3 296 295 262 
3 263 264 297 
3 297 296 263 
3 265 266 299 
3 299 298 265 
3 266 267 300 
3 300 299 266 
3 267 268 301 
3 301 300 267 
3 268 269 302 
3 302 301 268 
3 269 270 303 
3 303 302 269 
3 270 271 304 
3 304 303 270 
3 271 272 305 
3 305 304 271 
3 272 273 306 
3 306 305 272 
3 273 274 307 
3 307 306 273 
3 274 275 308 
3 308 307 274 
3 275 276 309 
3 309 308 275 
3 276 277 310 
3 310 309 276 
3 277 278 311 
3 311 310 277 
3 278 279 312 
3 312 311 278 
3 279 280 313 
3 313 312 279 
3 280 281 314 
3 314 313 280 
3 281 282 315 
3 315 314 281 
3 282 283 316 
3 316 315 282 
3 283 284 317 
3 317 316 283 
3 284 285 318 
3 318 317 284 
3 285 286 319 
3 319 318 285 
3 286 287 320 
3 320 319 286 
3 287 288 321 
3 321 320 287 
3 288 289 322 
3 322 321 288 
3 289 290 323 
3 323 322 289 
3 290 291 324 
3 324 323 290 
3 291 292 325 
3 325 324 291 
3 292 293 326 
3 326 325 292 
3 293 294 327 
3 327 326 293 
3 294 295 328 
3 328 327 294 
3 295 296 329 
3 329 328 295 
3 296 297 330 
3 330 329 296 
3 298 299 332 
3 332 331 298 
3 299 300 333 
3 333 332 299 
3 300 301 334 
3 334 333 300 
3 301 302 335 
3 335 334 301 
3 302 303 336 
3 336 335 302 
3 303 304 337 
3 337 336 303 
3 304 305 338 
3 338 337 304 
3 305 306 339 
3 339 338 305 
3 306 307 340 
3 340 339 306 
3 307 308 341 
3 341 340 307 
3 308 309 342 
3 342 341 308 
3 309 310 343 
3 343 342 309 
3 310 311 344 
3 344 343 310 
3 311 312 345 
3 345 344 311 
3 312 313 346 
3 346 345 312 
3 313 314 347 
3 347 346 313 
3 314 315 348 
3 348 347 314 
3 315 316 349 
3 349 348 315 
3 316 317 350 
3 350 349 316 
3 317 318 351 
3 351 350 317 
3 318 319 352 
3 352 351 318 
3 319 320 353 
3 353 352 319 
3 320 321 354 
3 354 353 320 
3 321 322 355 
3 355 354 321 
3 322 323 356 
3 356 355 322 
3 323 324 357 
3 357 356 323 
3 324 325 358 
3 358 357 324 
3 325 326 359 
3 359 358 325 
3 326 327 360 
3 360 359 326 
3 327 328 361 
3 361 360 327 
3 328 329 362 
3 362 361 328 
3 329 330 363 
3 363 362 329 
3 331 332 365 
3 365 364 331 
3 332 333 366 
3 366 365 332 
3 333 334 367 
3 367 366 333 
3 334 335 368 
3 368 367 334 
3 335 336 369 
3 369 368 335 
3 336 337 370 
3 370 369 336 
3 337 338 371 
3 371 370 337 
3 338 339 372 
3 372 371 338 
3 339 340 373 
3 373 372 339 
3 340 341 374 
3 374 373 340 
3 341 342 375 
3 375 374 341 
3 342 343 376 
3 376 375 342 
3 343 344 377 
3 377 376 343 
3 344 345 378 
3 378 377 344 
3 345 346 379 
3 379 378 345 
3 346 347 380 
3 380 379 346 
3 347 348 381 
3 381 380 347 
3 348 349 382 
3 382 381 348 
3 349 350 383 
3 383 382 349 
3 350 351 384 
3 384 383 350 
3 351 352 385 
3 385 384 351 
3 352 353 386 
3 386 385 352 
3 353 354 387 
3 387 386 353 
3 354 355 388 
3 388 387 354 
3 355 356 389 
3 389 388 355 
3 356 357 390 
3 390 389 356 
3 357 358 391 
3 391 390 357 
3 358 359 392 
3 392 391 358 
3 359 360 393 
3 393 392 359 
3 360 361 394 
3 394 393 360 
3 361 362 395 
3 395 394 361 
3 362 363 396 
3 396 395 362 
3 364 365 398 
3 398 397 364 
3 365 366 399 
3 399 398 365 
3 366 367 400 
3 400 399 366 
3 367 368 401 
3 401 400 367 
3 368 369 402 
3 402 401 368 
3 369 370 403 
3 403 402 369 
3 370 371 404 
3 404 403 370 
3 371 372 405 
3 405 404 371 
3 372 373 406 
3 406 405 372 
3 373 374 407 
3 407 406 373 
3 374 375 408 
3 408 407 374 
3 375 376 409 
3 409 408 375 
3 376 377 410 
3 410 409 376 
3 377 378 411 
3 411 410 377 
3 378 379 412 
3 412 411 378 
3 379 380 413 
3 413 412 379 
3 380 381 414 
3 414 413 380 
3 381 382 415 
3 415 414 381 
3 382 383 416 
3 416 415 382 
3 383 384 417 
3 417 416 383 
3 384 385 418 
3 418 417 384 
3 385 386 419 
3 419 418 385 
3 386 387 420 
3 420 419 386 
3 387 388 421 
3 421 420 387 
3 388 389 422 
3 422 421 388 
3 389 390 423 
3 423 422 389 
3 390 391 424 
3 424 423 390 
3 391 392 425 
3 425 424 391 
3 392 393 426 
3 426 425 392 
3 393 394 427 
3 427 426 393 
3 394 395 428 
3 428 427 394 
3 395 396 429 
3 429 428 395 
3 397 398 431 
3 431 430 397 
3 398 399 432 
3 432 431 398 
3 399 400 433 
3 433 432 399 
3 400 401 434 
3 434 433 400 
3 401 402 435 
3 435 434 401 
3 402 403 436 
3 436 435 402 
3 403 404 437 
3 437 436 403 
3 404 405 438 
3 438 437 404 
3 405 406 439 
3 439 438 405 
3 406 407 440 
3 440 439 406 
3 407 408 441 
3 441 440 407 
3 408 409 442 
3 442 441 408 
3 409 410 443 
3 443 442 409 
3 410 411 444 
3 444 443 410 
3 411 412 445 
3 445 444 411 
3 412 413 446 
3 446 445 412 
3 413 414 447 
3 447 446 413 
3 414 415 448 
3 448 447 414 
3 415 416 449 
3 449 448 415 
3 416 417 450 
3 450 449 416 
3 417 418 451 
3 451 450 417 
3 418 419 452 
3 452 451 418 
3 419 420 453 
3 453 452 419 
3 420 421 454 
3 454 453 420 
3 421 422 455 
3 455 454 421 
3 422 423 456 
3 456 455 422 
3 423 424 457 
3 457 456 423 
3 424 425 458 
3 458 457 424 
3 425 426 459 
3 459 458 425 
3 426 427 460 
3 460 459 426 
3 427 428 461 
3 461 460 427 
3 428 429 462 
3 462 461 428 
3 430 431 464 
3 464 463 430 
3 431 432 465 
3 465 464 431 
3 432 433 466 
3 466 465 432 
3 433 434 467 
3 467 466 433 
3 434 435 468 
3 468 467 434 
3 435 436 469 
3 469 468 435 
3 436 437 470 
3 470 469 436 
3 437 438 471 
3 471 470 437 
3 438 439 472 
3 472 471 438 
3 439 440 473 
3 473 472 439 
3 440 441 474 
3 474 473 440 
3 441 442 475 
3 475 474 441 
3 442 443 476 
3 476 475 442 
3 443 444 477 
3 477 476 443 
3 444 445 478 
3 478 477 444 
3 445 446 479 
3 479 478 445 
3 446 447 480 
3 480 479 446 
3 447 448 481 
3 481 480 447 
3 448 449 482 
3 482 481 448 
3 449 450 483 
3 483 482 449 
3 450 451 484 
3 484 483 450 
3 451 452 485 
3 485 484 451 
3 452 453 486 
3 486 485 452 
3 453 454 487 
3 487 486 453 
3 454 455 488 
3 488 487 454 
3 455 456 489 
3 489 488 455 
3 456 457 490 
3 490 489 456 
3 457 458 491 
3 491 490 457 
3 458 459 492 
3 492 491 458 
3 459 460 493 
3 493 492 459 
3 460 461 494 
3 494 493 460 
3 461 462 495 
3 495 494 461 
3 463 464 497 
3 497 496 463 
3 464 465 498 
3 498 497 464 
3 465 466 499 
3 499 498 465 
3 466 467 500 
3 500 499 466 
3 467 468 501 
3 501 500 467 
3 468 469 502 
3 502 501 468 
3 469 470 503 
3 503 502 469 
3 470 471 504 
3 504 503 470 
3 471 472 505 
3 505 504 471 
3 472 473 506 
3 506 505 472 
3 473 474 507 
3 507 506 473 
3 474 475 508 
3 508 507 474 
3 475 476 509 
3 509 508 475 
3 476 477 510 
3 510 509 476 
3 477 478 511 
3 511 510 477 
3 478 479 512 
3 512 511 478 
3 479 480 513 
3 513 512 479 
3 480 481 514 
3 514 513 480 
3 481 482 515 
3 515 514 481 
3 482 483 516 
3 516 515 482 
3 483 484 517 
3 517 516 483 
3 484 485 518 
3 518 517 484 
3 485 486 519 
3 519 518 485 
3 486 487 520 
3 520 519 486 
3 487 488 521 
3 521 520 487 
3 488 489 522 
3 522 521 488 
3 489 490 523 
3 523 522 489 
3 490 491 524 
3 524 523 490 
3 491 492 525 
3 525 524 491 
3 492 493 526 
3 526 525 492 
3 493 494 527 
3 527 526 493 
3 494 495 528 
3 528 527 494 
3 496 497 530 
3 530 529 496 
3 497 498 531 
3 531 530 497 
3 498 499 532 
3 532 531 498 
3 499 500 533 
3 533 532 499 
3 500 501 534 
3 534 533 500 
3 501 502 535 
3 535 534 501 
3 502 503 536 
3 536 535 502 
3 503 504 537 
3 537 536 503 
3 504 505 538 
3 538 537 504 
3 505 506 539 
3 539 538 505 
3 506 507 540 
3 540 539 506 
3 507 508 541 
3 541 540 507 
3 508 509 542 
3 542 541 508 
3 509 510 543 
3 543 542 509 
3 510 511 544 
3 544 543 510 
3 511 512 545 
3 545 544 511 
3 512 513 546 
3 546 545 512 
3 513 514 547 
3 547 546 513 
3 514 515 548 
3 548 547 514 
3 515 516 549 
3 549 548 515 
3 516 517 550 
3 550 549 516 
3 517 518 551 
3 551 550 517 
3 518 519 552 
3 552 551 518 
3 519 520 553 
3 553 552 519 
3 520 521 554 
3 554 553 520 
3 521 522 555 
3 555 554 521 
3 522 523 556 
3 556 555 522 
3 523 524 557 
3 557 556 523 
3 524 525 558 
3 558 557 524 
3 525 526 559 
3 559 558 525 
3 526 527 560 
3 560 559 526 
3 527 528 561 
3 561 560 527 
3 529 530 563 
3 563 562 529 
3 530 531 564 
3 564 563 530 
3 531 532 565 
3 565 564 531 
3 532 533 566 
3 566 565 532 
3 533 534 567 
3 567 566 533 
3 534 535 568 
3 568 567 534 
3 535 536 569 
3 569 568 535 
3 536 537 570 
3 570 569 536 
3 537 538 571 
3 571 570 537 
3 538 539 572 
3 572 571 538 
3 539 540 573 
3 573 572 539 
3 540 541 574 
3 574 573 540 
3 541 542 575 
3 575 574 541 
3 542 543 576 
3 576 575 542 
3 543 544 577 
3 577 576 543 
3 544 545 578 
3 578 577 544 
3 545 546 579 
3 579 578 545 
3 546 547 580 
3 580 579 546 
3 547 548 581 
3 581 580 547 
3 548 549 582 
3 582 581 548 
3 549 550 583 
3 583 582 549 
3 550 551 584 
3 584 583 550 
3 551 552 585 
3 585 584 551 
3 552 553 586 
3 586 585 552 
3 553 554 587 
3 587 586 553 
3 554 555 588 
3 588 587 554 
3 555 556 589 
3 589 588 555 
3 556 557 590 
3 590 589 556 
3 557 558 591 
3 591 590 557 
3 558 559 592 
3 592 591 558 
3 559 560 593 
3 593 592 559 
3 560 561 594 
3 594 593 560 
3 562 563 596 
3 596 595 562 
3 563 564 597 
3 597 596 563 
3 564 565 598 
3 598 597 564 
3 565 566 599 
3 599 598 565 
3 566 567 600 
3 600 599 566 
3 567 568 601 
3 601 600 567 
3 568 569 602 
3 602 601 568 
3 569 570 603 
3 603 602 569 
3 570 571 604 
3 604 603 570 
3 571 572 605 
3 605 604 571 
3 572 573 606 
3 606 605 572 
3 573 574 607 
3 607 606 573 
3 574 575 608 
3 608 607 574 
3 575 576 609 
3 609 608 575 
3 576 577 610 
3 610 609 576 
3 577 578 611 
3 611 610 577 
3 578 579 612 
3 612 611 578 
3 579 580 613 
3 613 612 579 
3 580 581 614 
3 614 613 580 
3 581 582 615 
3 615 614 581 
3 582 583 616 
3 616 615 582 
3 583 584 617 
3 617 616 583 
3 584 585 618 
3 618 617 584 
3 585 586 619 
3 619 618 585 
3 586 587 620 
3 620 619 586 
3 587 588 621 
3 621 620 587 
3 588 589 622 
3 622 621 588 
3 589 590 623 
3 623 622 589 
3 590 591 624 
3 624 623 590 
3 591 592 625 
3 625 624 591 
3 592 593 626 
3 626 625 592 
3 593 594 627 
3 627 626 593 
3 595 596 629 
3 629 628 595 
3 596 597 630 
3 630 629 596 
3 597 598 631 
3 631 630 597 
3 598 599 632 
3 632 631 598 
3 599 600 633 
3 633 632 599 
3 600 601 634 
3 634 633 600 
3 601 602 635 
3 635 634 601 
3 602 603 636 
3 636 635 602 
3 603 604 637 
3 637 636 603 
3 604 605 638 
3 638 637 604 
3 605 606 639 
3 639 638 605 
3 606 607 640 
3 640 639 606 
3 607 608 641 
3 641 640 607 
3 608 609 642 
3 642 641 608 
3 609 610 643 
3 643 642 609 
3 610 611 644 
3 644 643 610 
3 611 612 645 
3 645 644 611 
3 612 613 646 
3 646 645 612 
3 613 614 647 
3 647 646 613 
3 614 615 648 
3 648 647 614 
3 615 616 649 
3 649 648 615 
3 616 617 650 
3 650 649 616 
3 617 618 651 
3 651 650 617 
3 618 619 652 
3 652 651 618 
3 619 620 653 
3 653 652 619 
3 620 621 654 
3 654 653 620 
3 621 622 655 
3 655 654 621 
3 622 623 656 
3 656 655 622 
3 623 624 657 
3 657 656 623 
3 624 625 658 
3 658 657 624 
3 625 626 659 
3 659 658 625 
3 626 627 660 
3 660 659 626 
3 628 629 662 
3 662 661 628 
3 629 630 663 
3 663 662 629 
3 630 631 664 
3 664 663 630 
3 631 632 665 
3 665 664 631 
3 632 633 666 
3 666 665 632 
3 633 634 667 
3 667 666 633 
3 634 635 668 
3 668 667 634 
3 635 636 669 
3 669 668 635 
3 636 637 670 
3 670 669 636 
3 637 638 671 
3 671 670 637 
3 638 639 672 
3 672 671 638 
3 639 640 673 
3 673 672 639 
3 640 641 674 
3 674 673 640 
3 641 642 675 
3 675 674 641 
3 642 643 676 
3 676 675 642 
3 643 644 677 
3 677 676 643 
3 644 645 678 
3 678 677 644 
3 645 646 679 
3 679 678 645 
3 646 647 680 
3 680 679 646 
3 647 648 681 
3 681 680 647 
3 648 649 682 
3 682 681 648 
3 649 650 683 
3 683 682 649 
3 650 651 684 
3 684 683 650 
3 651 652 685 
3 685 684 651 
3 652 653 686 
3 686 685 652 
3 653 654 687 
3 687 686 653 
3 654 655 688 
3 688 687 654 
3 655 656 689 
3 689 688 655 
3 656 657 690 
3 690 689 656 
3 657 658 691 
3 691 690 657 
3 658 659 692 
3 692 691 658 
3 659 660 693 
3 693 692 659 
3 661 662 695 
3 695 694 661 
3 662 663 696 
3 696 695 662 
3 663 664 697 
3 697 696 663 
3 664 665 698 
3 698 697 664 
3 665 666 699 
3 699 698 665 
3 666 667 700 
3 700 699 666 
3 667 668 701 
3 701 700 667 
3 668 669 702 
3 702 701 668 
3 669 670 703 
3 703 702 669 
3 670 671 704 
3 704 703 670 
3 671 672 705 
3 705 704 671 
3 672 673 706 
3 706 705 672 
3 673 674 707 
3 707 706 673 
3 674 675 708 
3 708 707 674 
3 675 676 709 
3 709 708 675 
3 676 677 710 
3 710 709 676 
3 677 678 711 
3 711 710 677 
3 678 679 712 
3 712 711 678 
3 679 680 713 
3 713 712 679 
3 680 681 714 
3 714 713 680 
3 681 682 715 
3 715 714 681 
3 682 683 716 
3 716 715 682 
3 683 684 717 
3 717 716 683 
3 684 685 718 
3 718 717 684 
3 685 686 719 
3 719 718 685 
3 686 687 720 
3 720 719 686 
3 687 688 721 
3 721 720 687 
3 688 689 722 
3 722 721 688 
3 689 690 723 
3 723 722 689 
3 690 691 724 
3 724 723 690 
3 691 692 725 
3 725 724 691 
3 692 693 726 
3 726 725 692 
3 694 695 728 
3 728 727 694 
3 695 696 729 
3 729 728 695 
3 696 697 730 
3 730 729 696 
3 697 698 731 
3 731 730 697 
3 698 699 732 
3 732 731 698 
3 699 700 733 
3 733 732 699 
3 700 701 734 
3 734 733 700 
3 701 702 735 
3 735 734 701 
3 702 703 736 
3 736 735 702 
3 703 704 737 
3 737 736 703 
3 704 705 738 
3 738 737 704 
3 705 706 739 
3 739 738 705 
3 706 707 740 
3 740 739 706 
3 707 708 741 
3 741 740 707 
3 708 709 742 
3 742 741 708 
3 709 710 743 
3 743 742 709 
3 710 711 744 
3 744 743 710 
3 711 712 745 
3 745 744 711 
3 712 713 746 
3 746 745 712 
3 713 714 747 
3 747 746 713 
3 714 715 748 
3 748 747 714 
3 715 716 749 
3 749 748 715 
3 716 717 750 
3 750 749 716 
3 717 718 751 
3 751 750 717 
3 718 719 752 
3 752 751 718 
3 719 720 753 
3 753 752 719 
3 720 721 754 
3 754 753 720 
3 721 722 755 
3 755 754 721 
3 722 723 756 
3 756 755 722 
3 723 724 757 
3 757 756 723 
3 724 725 758 
3 758 757 724 
3 725 726 759 
3 759 758 725 
3 727 728 761 
3 761 760 727 
3 728 729 762 
3 762 761 728 
3 729 730 763 
3 763 762 729 
3 730 731 764 
3 764 763 730 
3 731 732 765 
3 765 764 731 
3 732 733 766 
3 766 765 732 
3 733 734 767 
3 767 766 733 
3 734 735 768 
3 768 767 734 
3 735 736 769 
3 769 768 735 
3 736 737 770 
3 770 769 736 
3 737 738 771 
3 771 770 737 
3 738 739 772 
3 772 771 738 
3 739 740 773 
3 773 772 739 
3 740 741 774 
3 774 773 740 
3 741 742 775 
3 775 774 741 
3 742 743 776 
3 776 775 742 
3 743 744 777 
3 777 776 743 
3 744 745 778 
3 778 777 744 
3 745 746 779 
3 779 778 745 
3 746 747 780 
3 780 779 746 
3 747 748 781 
3 781 780 747 
3 748 749 782 
3 782 781 748 
3 749 750 783 
3 783 782 749 
3 750 751 784 
3 784 783 750 
3 751 752 785 
3 785 784 751 
3 752 753 786 
3 786 785 752 
3 753 754 787 
3 787 786 753 
3 754 755 788 
3 788 787 754 
3 755 756 789 
3 789 788 755 
3 756 757 790 
3 790 789 756 
3 757 758 791 
3 791 790 757 
3 758 759 792 
3 792 791 758 
3 760 761 794 
3 794 793 760 
3 761 762 795 
3 795 794 761 
3 762 763 796 
3 796 795 762 
3 763 764 797 
3 797 796 763 
3 764 765 798 
3 798 797 764 
3 765 766 799 
3 799 798 765 
3 766 767 800 
3 800 799 766 
3 767 768 801 
3 801 800 767 
3 768 769 802 
3 802 801 768 
3 769 770 803 
3 803 802 769 
3 770 771 804 
3 804 803 770 
3 771 772 805 
3 805 804 771 
3 772 773 806 
3 806 805 772 
3 773 774 807 
3 807 806 773 
3 774 775 808 
3 808 807 774 
3 775 776 809 
3 809 808 775 
3 776 777 810 
3 810 809 776 
3 777 778 811 
3 811 810 777 
3 778 779 812 
3 812 811 778 
3 779 780 813 
3 813 812 779 
3 780 781 814 
3 814 813 780 
3 781 782 815 
3 815 814 781 
3 782 783 816 
3 816 815 782 
3 783 784 817 
3 817 816 783 
3 784 785 818 
3 818 817 784 
3 785 786 819 
3 819 818 785 
3 786 787 820 
3 820 819 786 
3 787 788 821 
3 821 820 787 
3 788 789 822 
3 822 821 788 
3 789 790 823 
3 823 822 789 
3 790 791 824 
3 824 823 790 
3 791 792 825 
3 825 824 791 
3 793 794 827 
3 827 826 793 
3 794 795 828 
3 828 827 794 
3 795 796 829 
3 829 828 795 
3 796 797 830 
3 830 829 796 
3 797 798 831 
3 831 830 797 
3 798 799 832 
3 832 831 798 
3 799 800 833 
3 833 832 799 
3 800 801 834 
3 834 833 800 
3 801 802 835 
3 835 834 801 
3 802 803 836 
3 836 835 802 
3 803 804 837 
3 837 836 803 
3 804 805 838 
3 838 837 804 
3 805 806 839 
3 839 838 805 
3 806 807 840 
3 840 839 806 
3 807 808 841 
3 841 840 807 
3 808 809 842 
3 842 841 808 
3 809 810 843 
3 843 842 809 
3 810 811 844 
3 844 843 810 
3 811 812 845 
3 845 844 811 
3 812 813 846 
3 846 845 812 
3 813 814 847 
3 847 846 813 
3 814 815 848 
3 848 847 814 
3 815 816 849 
3 849 848 815 
3 816 817 850 
3 850 849 816 
3 817 818 851 
3 851 850 817 
3 818 819 852 
3 852 851 818 
3 819 820 853 
3 853 852 819 
3 820 821 854 
3 854 853 820 
3 821 822 855 
3 855 854 821 
3 822 823 856 
3 856 855 822 
3 823 824 857 
3 857 856 823 
3 824 825 858 
3 858 857 824 
3 826 827 860 
3 860 859 826 
3 827 828 861 
3 861 860 827 
3 828 829 862 
3 862 861 828 
3 829 830 863 
3 863 862 829 
3 830 831 864 
3 864 863 830 
3 831 832 865 
3 865 864 831 
3 832 833 866 
3 866 865 832 
3 833 834 867 
3 867 866 833 
3 834 835 868 
3 868 867 834 
3 835 836 869 
3 869 868 835 
3 836 837 870 
3 870 869 836 
3 837 838 871 
3 871 870 837 
3 838 839 872 
3 872 871 838 
3 839 840 873 
3 873 872 839 
3 840 841 874 
3 874 873 840 
3 841 842 875 
3 875 874 841 
3 842 843 876 
3 876 875 842 
3 843 844 877 
3 877 876 843 
3 844 845 878 
3 878 877 844 
3 845 846 879 
3 879 878 845 
3 846 847 880 
3 880 879 846 
3 847 848 881 
3 881 880 847 
3 848 849 882 
3 882 881 848 
3 849 850 883 
3 883 882 849 
3 850 851 884 
3 884 883 850 
3 851 852 885 
3 885 884 851 
3 852 853 886 
3 886 885 852 
3 853 854 887 
3 887 886 853 
3 854 855 888 
3 888 887 854 
3 855 856 889 
3 889 888 855 
3 856 857 890 
3 890 889 856 
3 857 858 891 
3 891 890 857 
3 859 860 893 
3 893 892 859 
3 860 861 894 
3 894 893 860 
3 861 862 895 
3 895 894 861 
3 862 863 896 
3 896 895 862 
3 863 864 897 
3 897 896 863 
3 864 865 898 
3 898 897 864 
3 865 866 899 
3 899 898 865 
3 866 867 900 
3 900 899 866 
3 867 868 901 
3 901 900 867 
3 868 869 902 
3 902 901 868 
3 869 870 903 
3 903 902 869 
3 870 871 904 
3 904 903 870 
3 871 872 905 
3 905 904 871 
3 872 873 906 
3 906 905 872 
3 873 874 907 
3 907 906 873 
3 874 875 908 
3 908 907 874 
3 875 876 909 
3 909 908 875 
3 876 877 910 
3 910 909 876 
3 877 878 911 
3 911 910 877 
3 878 879 912 
3 912 911 878 
3 879 880 913 
3 913 912 879 
3 880 881 914 
3 914 913 880 
3 881 882 915 
3 915 914 881 
3 882 883 916 
3 916 915 882 
3 883 884 917 
3 917 916 883 
3 884 885 918 
3 918 917 884 
3 885 886 919 
3 919 918 885 
3 886 887 920 
3 920 919 886 
3 887 888 921 
3 921 920 887 
3 888 889 922 
3 922 921 888 
3 889 890 923 
3 923 922 889 
3 890 891 924 
3 924 923 890 
3 892 893 926 
3 926 925 892 
3 893 894 927 
3 927 926 893 
3 894 895 928 
3 928 927 894 
3 895 896 929 
3 929 928 895 
3 896 897 930 
3 930 929 896 
3 897 898 931 
3 931 930 897 
3 898 899 932 
3 932 931 898 
3 899 900 933 
3 933 932 899 
3 900 901 934 
3 934 933 900 
3 901 902 935 
3 935 934 901 
3 902 903 936 
3 936 935 902 
3 903 904 937 
3 937 936 903 
3 904 905 938 
3 938 937 904 
3 905 906 939 
3 939 938 905 
3 906 907 940 
3 940 939 906 
3 907 908 941 
3 941 940 907 
3 908 909 942 
3 942 941 908 
3 909 910 943 
3 943 942 909 
3 910 911 944 
3 944 943 910 
3 911 912 945 
3 945 944 911 
3 912 913 946 
3 946 945 912 
3 913 914 947 
3 947 946 913 
3 914 915 948 
3 948 947 914 
3 915 916 949 
3 949 948 915 
3 916 917 950 
3 950 949 916 
3 917 918 951 
3 951 950 917 
3 918 919 952 
3 952 951 918 
3 919 920 953 
3 953 952 919 
3 920 921 954 
3 954 953 920 
3 921 922 955 
3 955 954 921 
3 922 923 956 
3 956 955 922 
3 923 924 957 
3 957 956 923 
3 925 926 959 
3 959 958 925 
3 926 927 960 
3 960 959 926 
3 927 928 961 
3 961 960 927 
3 928 929 962 
3 962 961 928 
3 929 930 963 
3 963 962 929 
3 930 931 964 
3 964 963 930 
3 931 932 965 
3 965 964 931 
3 932 933 966 
3 966 965 932 
3 933 934 967 
3 967 966 933 
3 934 935 968 
3 968 967 934 
3 935 936 969 
3 969 968 935 
3 936 937 970 
3 970 969 936 
3 937 938 971 
3 971 970 937 
3 938 939 972 
3 972 971 938 
3 939 940 973 
3 973 972 939 
3 940 941 974 
3 974 973 940 
3 941 942 975 
3 975 974 941 
3 942 943 976 
3 976 975 942 
3 943 944 977 
3 977 976 943 
3 944 945 978 
3 978 977 944 
3 945 946 979 
3 979 978 945 
3 946 947 980 
3 980 979 946 
3 947 948 981 
3 981 980 947 
3 948 949 982 
3 982 981 948 
3 949 950 983 
3 983 982 949 
3 950 951 984 
3 984 983 950 
3 951 952 985 
3 985 984 951 
3 952 953 986 
3 986 985 952 
3 953 954 987 
3 987 986 953 
3 954 955 988 
3 988 987 954 
3 955 956 989 
3 989 988 955 
3 956 957 990 
3 990 989 956 
3 958 959 992 
3 992 991 958 
3 959 960 993 
3 993 992 959 
3 960 961 994 
3 994 993 960 
3 961 962 995 
3 995 994 961 
3 962 963 996 
3 996 995 962 
3 963 964 997 
3 997 996 963 
3 964 965 998 
3 998 997 964 
3 965 966 999 
3 999 998 965 
3 966 967 1000 
3 1000 999 966 
3 967 968 1001 
3 1001 1000 967 
3 968 969 1002 
3 1002 1001 968 
3 969 970 1003 
3 1003 1002 969 
3 970 971 1004 
3 1004 1003 970 
3 971 972 1005 
3 1005 1004 971 
3 972 973 1006 
3 1006 1005 972 
3 973 974 1007 
3 1007 1006 973 
3 974 975 1008 
3 1008 1007 974 
3 975 976 1009 
3 1009 1008 975 
3 976 977 1010 
3 1010 1009 976 
3 977 978 1011 
3 1011 1010 977 
3 978 979 1012 
3 1012 1011 978 
3 979 980 1013 
3 1013 1012 979 
3 980 981 1014 
3 1014 1013 980 
3 981 982 1015 
3 1015 1014 981 
3 982 983 1016 
3 1016 1015 982 
3 983 984 1017 
3 1017 1016 983 
3 984 985 1018 
3 1018 1017 984 
3 985 986 1019 
3 1019 1018 985 
3 986 987 1020 
3 1020 1019 986 
3 987 988 1021 
3 1021 1020 987 
3 988 989 1022 
3 1022 1021 988 
3 989 990 1023 
3 1023 1022 989 
3 991 992 1025 
3 1025 1024 991 
3 992 993 1026 
3 1026 1025 992 
3 993 994 1027 
3 1027 1026 993 
3 994 995 1028 
3 1028 1027 994 
3 995 996 1029 
3 1029 1028 995 
3 996 997 1030 
3 1030 1029 996 
3 997 998 1031 
3 1031 1030 997 
3 998 999 1032 
3 1032 1031 998 
3 999 1000 1033 
3 1033 1032 999 
3 1000 1001 1034 
3 1034 1033 1000 
3 1001 1002 1035 
3 1035 1034 1001 
3 1002 1003 1036 
3 1036 1035 1002 
3 1003 1004 1037 
3 1037 1036 1003 
3 1004 1005 1038 
3 1038 1037 1004 
3 1005 1006 1039 
3 1039 1038 1005 
3 1006 1007 1040 
3 1040 1039 1006 
3 1007 1008 1041 
3 1041 1040 1007 
3 1008 1009 1042 
3 1042 1041 1008 
3 1009 1010 1043 
3 1043 1042 1009 
3 1010 1011 1044 
3 1044 1043 1010 
3 1011 1012 1045 
3 1045 1044 1011 
3 1012 1013 1046 
3 1046 1045 1012 
3 1013 1014 1047 
3 1047 1046 1013 
3 1014 1015 1048 
3 1048 1047 1014 
3 1015 1016 1049 
3 1049 1048 1015 
3 1016 1017 1050 
3 1050 1049 1016 
3 1017 1018 1051 
3 1051 1050 1017 
3 1018 1019 1052 
3 1052 1051 1018 
3 1019 1020 1053 
3 1053 1052 1019 
3 1020 1021 1054 
3 1054 1053 1020 
3 1021 1022 1055 
3 1055 1054 1021 
3 1022 1023 1056 
3 1056 1055 1022 
3 1024 1025 1058 
3 1058 1057 1024 
3 1025 1026 1059 
3 1059 1058 1025 
3 1026 1027 1060 
3 1060 1059 1026 
3 1027 1028 1061 
3 1061 1060 1027 
3 1028 1029 1062 
3 1062 1061 1028 
3 1029 1030 1063 
3 1063 1062 1029 
3 1030 1031 1064 
3 1064 1063 1030 
3 1031 1032 1065 
3 1065 1064 1031 
3 1032 1033 1066 
3 1066 1065 1032 
3 1033 1034 1067 
3 1067 1066 1033 
3 1034 1035 1068 
3 1068 1067 1034 
3 1035 1036 1069 
3 1069 1068 1035 
3 1036 1037 1070 
3 1070 1069 1036 
3 1037 1038 1071 
3 1071 1070 1037 
3 1038 1039 1072 
3 1072 1071 1038 
3 1039 1040 1073 
3 1073 1072 1039 
3 1040 1041 1074 
3 1074 1073 1040 
3 1041 1042 1075 
3 1075 1074 1041 
3 1042 1043 1076 
3 1076 1075 1042 
3 1043 1044 1077 
3 1077 1076 1043 
3 1044 1045 1078 
3 1078 1077 1044 
3 1045 1046 1079 
3 1079 1078 1045 
3 1046 1047 1080 
3 1080 1079 1046 
3 1047 1048 1081 
3 1081 1080 1047 
3 1048 1049 1082 
3 1082 1081 1048 
3 1049 1050 1083 
3 1083 1082 1049 
3 1050 1051 1084 
3 1084 1083 1050 
3 1051 1052 1085 
3 1085 1084 1051 
3 1052 1053 1086 
3 1086 1085 1052 
3 1053 1054 1087 
3 1087 1086 1053 
3 1054 1055 1088 
3 1088 1087 1054 
3 1055 1056 1089 
3 1089 1088 1055 
# indices of nodes located on the bottom boundary
1 2 3 4 5 6 7 8 9 10 11 12 13 14 15 16 17 18 19 20 21 22 23 24 25 26 27 28 29 30 31 32 33 
# indices of nodes located on the top boundary
1057 1058 1059 1060 1061 1062 1063 1064 1065 1066 1067 1068 1069 1070 1071 1072 1073 1074 1075 1076 1077 1078 1079 1080 1081 1082 1083 1084 1085 1086 1087 1088 1089 
# indices of nodes located on the left boundary
1 34 67 100 133 166 199 232 265 298 331 364 397 430 463 496 529 562 595 628 661 694 727 760 793 826 859 892 925 958 991 1024 1057 
# indices of nodes located on the right boundary
33 66 99 132 165 198 231 264 297 330 363 396 429 462 495 528 561 594 627 660 693 726 759 792 825 858 891 924 957 990 1023 1056 1089 
# xmin, xmax, ymin, ymax of the bounding box
0 1 0 1
