# domain type
RectangularDomain
# nodal coordinates: number of nodes followed by the coordinates
202
9.135288e-02 2.573184e-01
0.000000e+00 4.725670e-01
4.877668e-01 1.459379e-01
5.452720e-01 4.054183e-01
2.192472e-02 2.168650e-01
9.524435e-02 3.720325e-01
9.672428e-02 8.952253e-01
8.018991e-01 1.000000e+00
2.055336e-01 6.411266e-01
6.785225e-01 1.000000e+00
2.827512e-01 7.631897e-01
3.353624e-01 4.324171e-01
4.478750e-01 7.548651e-02
6.879382e-01 2.164035e-01
1.203283e-01 5.812048e-02
1.941908e-01 4.581829e-01
5.150539e-01 4.101081e-01
7.562653e-02 8.650563e-01
4.802360e-01 0.000000e+00
2.711603e-01 1.510064e-01
1.918873e-01 9.782161e-02
1.000000e+00 1.692701e-01
6.627102e-01 0.000000e+00
1.193504e-01 0.000000e+00
4.490868e-01 3.437301e-01
2.494529e-01 9.473259e-02
0.000000e+00 8.388800e-02
3.792252e-01 2.407327e-01
2.401383e-01 5.054205e-01
5.382785e-01 0.000000e+00
2.133782e-01 0.000000e+00
2.996554e-01 8.824060e-01
0.000000e+00 8.560028e-01
9.245917e-02 7.225317e-01
1.138947e-01 7.354835e-01
6.535908e-02 1.000000e+00
4.890259e-01 6.410500e-01
3.525140e-01 9.214396e-01
4.275532e-01 7.698331e-01
5.986654e-01 5.753324e-01
5.379614e-01 8.030330e-01
6.364839e-01 7.627765e-01
9.646296e-01 1.000000e+00
7.595790e-01 7.462844e-01
1.000000e+00 7.948366e-01
8.048388e-01 2.365949e-01
7.471526e-01 3.335867e-01
7.138313e-01 7.245406e-01
7.978888e-01 6.339993e-01
6.185648e-01 4.354877e-01
1.000000e+00 1.326247e-01
7.994191e-01 0.000000e+00
0.000000e+00 0.000000e+00
3.744233e-01 0.000000e+00
2.208057e-01 8.557815e-02
3.328499e-01 1.937689e-01
2.966864e-01 0.000000e+00
2.948203e-01 6.520237e-02
3.803310e-01 7.215675e-02
3.296021e-01 1.713146e-01
1.675108e-01 1.649785e-01
8.931485e-02 1.401719e-01
1.406216e-01 1.719736e-01
2.123437e-01 3.797297e-01
2.596718e-01 2.638128e-01
2.178203e-01 1.996186e-01
3.597679e-01 9.390739e-02
3.717938e-01 3.271901e-01
4.620740e-01 1.682995e-01
3.589852e-01 1.350087e-01
4.651618e-01 3.873404e-01
3.597661e-01 3.043941e-01
4.440500e-01 2.230990e-01
4.855037e-01 2.845338e-01
1.637241e-01 2.799892e-01
1.669722e-01 3.490130e-01
2.269395e-01 2.457647e-01
2.732172e-01 2.904610e-01
3.282367e-01 4.113595e-01
2.462707e-01 3.675922e-01
9.656101e-02 4.591533e-01
0.000000e+00 3.498986e-01
1.141819e-01 2.519859e-01
0.000000e+00 2.174426e-01
7.861646e-02 1.055752e-01
6.031422e-02 3.461723e-01
8.773635e-02 4.682224e-01
2.732628e-01 7.561548e-01
4.333961e-01 8.835051e-01
4.482852e-01 1.000000e+00
3.526777e-01 1.000000e+00
5.538976e-01 9.598020e-01
2.089238e-01 8.807286e-01
2.598125e-01 8.989396e-01
2.568894e-01 1.000000e+00
0.000000e+00 1.000000e+00
1.654901e-01 9.121956e-01
1.738646e-01 1.000000e+00
2.218924e-01 4.989147e-01
0.000000e+00 7.307635e-01
0.000000e+00 5.927739e-01
1.131285e-01 5.822966e-01
2.670471e-01 5.943657e-01
1.350219e-01 5.835291e-01
3.308020e-01 6.584890e-01
1.306337e-01 7.836156e-01
9.246259e-02 5.966244e-01
2.680857e-01 7.310146e-01
2.063233e-01 6.776845e-01
1.947163e-01 8.105359e-01
3.220214e-01 6.095038e-01
4.997161e-01 8.846022e-01
3.150892e-01 8.295938e-01
4.060388e-01 6.983896e-01
3.702215e-01 5.663949e-01
4.076310e-01 7.385891e-01
4.492133e-01 6.485849e-01
6.603918e-01 8.272436e-01
4.404379e-01 5.168304e-01
3.120838e-01 4.767383e-01
3.792138e-01 5.659444e-01
5.090708e-01 6.498188e-01
4.866357e-01 5.232441e-01
4.074161e-01 4.452003e-01
4.861609e-01 5.234817e-01
5.563551e-01 5.291606e-01
5.915204e-01 4.360238e-01
5.991759e-01 5.712887e-01
4.105437e-01 8.198223e-01
5.344061e-01 6.911072e-01
5.078300e-01 7.667424e-01
6.023152e-01 6.971533e-01
6.373467e-01 6.475129e-01
6.960059e-01 6.507729e-01
7.125638e-01 5.690142e-01
8.830461e-01 7.034410e-01
8.032228e-01 8.053140e-01
8.218854e-01 5.969107e-01
6.452270e-01 5.439235e-01
9.691680e-01 4.701000e-01
7.997946e-01 5.256162e-01
7.234402e-01 6.216516e-01
7.568742e-01 5.171845e-01
9.211741e-01 3.525884e-01
9.075011e-01 5.268112e-01
8.144786e-01 6.813540e-01
8.403404e-01 4.933874e-01
8.277878e-01 4.167714e-01
1.000000e+00 4.698117e-01
9.106909e-01 5.903606e-01
1.000000e+00 6.268140e-01
9.419570e-01 6.230930e-01
7.072260e-01 8.412912e-01
7.720571e-01 7.877774e-01
8.270044e-01 8.920677e-01
9.030688e-01 7.643387e-01
8.908649e-01 8.922851e-01
9.504628e-01 7.965381e-01
1.000000e+00 1.000000e+00
5.479979e-01 1.000000e+00
6.142682e-01 8.798468e-01
7.251433e-01 9.013076e-01
7.991159e-01 9.216221e-01
4.479418e-01 8.921253e-01
5.377548e-01 8.398913e-01
6.348818e-01 7.684678e-01
6.175510e-01 9.095291e-01
6.750152e-01 9.490317e-01
9.127467e-01 2.098220e-01
1.000000e+00 3.210057e-01
8.441190e-01 4.292480e-01
1.000000e+00 3.081666e-01
8.176345e-01 3.272924e-01
7.305079e-01 4.688677e-01
8.464992e-01 2.782786e-01
9.025360e-01 4.127114e-01
5.581139e-01 2.795554e-01
6.570333e-01 4.794600e-01
6.589570e-01 3.836196e-01
7.442054e-01 4.247289e-01
7.238232e-01 3.902019e-01
5.779933e-01 3.043695e-01
7.012537e-01 2.670002e-01
6.352192e-01 3.160011e-01
7.412331e-01 1.361994e-01
5.759546e-01 2.098091e-01
8.055574e-01 1.643726e-01
7.036450e-01 2.564792e-01
8.623867e-01 1.347855e-01
8.454843e-01 2.954663e-01
9.062459e-01 2.352068e-01
9.104287e-01 9.536436e-02
7.328713e-01 1.133814e-01
6.228797e-01 1.067877e-01
8.706577e-01 1.141196e-01
1.000000e+00 0.000000e+00
5.564964e-01 8.282492e-02
4.884422e-01 1.458933e-01
6.180182e-01 1.866111e-01
6.620442e-01 8.007578e-02
9.374293e-01 0.000000e+00
7.996685e-01 2.002001e-02
# element connectivity: number of elements followed by the connectivity (each line: nodes_per_element(nel) node1 node 2 ... node_nel)
100
5 41 166 118 161 165 
5 54 59 67 58 57 
8 37 122 130 131 39 116 114 117 
5 14 185 187 46 188 
6 137 155 163 162 153 154 
5 68 79 80 78 72 
5 23 52 202 193 200 
6 3 69 70 67 59 13 
7 4 17 71 25 74 177 182 
6 15 21 61 63 62 85 
5 135 139 178 174 143 
5 29 120 115 111 103 
6 49 138 150 152 136 146 
5 28 72 78 65 56 
6 9 103 111 105 108 109 
4 13 59 54 19 
5 43 157 158 45 159 
5 9 104 99 29 103 
5 6 76 64 16 81 
5 42 132 133 134 48 
5 2 87 102 107 101 
6 50 178 139 128 126 127 
6 7 18 106 110 93 97 
5 90 164 112 92 160 
6 49 142 135 143 141 138 
6 105 111 115 121 117 114 
6 44 48 134 142 49 146 
5 26 55 31 57 58 
5 15 85 27 53 24 
6 35 109 108 88 110 106 
5 32 38 91 95 94 
7 9 109 35 34 107 102 104 
4 34 100 101 107 
7 40 128 139 135 142 134 133 
6 45 158 156 136 152 151 
6 20 26 58 67 70 60 
6 46 187 189 169 191 175 
5 1 86 82 84 5 
6 185 193 202 195 189 187 
5 137 156 158 157 155 
6 4 182 184 179 50 127 
7 42 48 44 154 153 118 166 
5 47 181 179 184 183 
7 11 113 32 94 93 110 88 
7 64 76 75 77 65 78 80 
6 12 79 68 25 71 124 
6 18 33 100 34 35 106 
7 141 143 174 180 148 171 147 
6 3 13 19 30 197 198 
4 7 97 98 36 
6 20 60 56 65 77 66 
5 10 160 92 167 168 
4 51 192 201 196 
6 118 153 162 168 167 161 
7 37 125 123 126 128 40 122 
7 46 175 190 173 47 183 188 
5 23 200 194 197 30 
5 7 36 96 33 18 
6 12 124 119 121 115 120 
7 3 198 186 177 74 73 69 
5 5 84 27 85 62 
6 17 123 125 119 124 71 
6 51 22 169 189 195 192 
5 15 24 31 55 21 
5 47 173 148 180 181 
5 4 127 126 123 17 
6 1 83 75 76 6 86 
6 50 179 181 180 174 178 
6 14 199 194 200 193 185 
6 20 66 61 21 55 26 
5 92 112 165 161 167 
4 22 172 191 169 
5 93 94 95 98 97 
5 10 168 162 163 8 
6 140 149 151 152 150 145 
6 2 82 86 6 81 87 
5 38 89 164 90 91 
6 44 146 136 156 137 154 
6 144 190 175 191 172 170 
6 61 66 77 75 83 63 
6 11 88 108 105 114 116 
5 186 198 197 194 199 
5 32 113 129 89 38 
6 144 176 171 148 173 190 
5 40 133 132 130 122 
5 140 176 144 170 149 
8 12 120 29 99 16 64 80 79 
5 138 141 147 145 150 
5 37 117 121 119 125 
6 28 56 60 70 69 73 
8 39 131 41 165 112 164 89 129 
6 25 68 72 28 73 74 
8 14 188 183 184 182 177 186 199 
5 11 116 39 129 113 
6 16 99 104 102 87 81 
5 52 201 192 195 202 
5 1 5 62 63 83 
5 8 163 155 157 43 
6 41 131 130 132 42 166 
5 140 145 147 171 176
# indices of nodes located on the bottom boundary
19 23 24 30 31 52 53 54 57 196 201 
# indices of nodes located on the top boundary
8 10 36 43 90 91 95 96 98 159 160
# indices of nodes located on the left boundary
2 27 33 53 82 84 96 100 101 
# indices of nodes located on the right boundary
22 45 51 149 151 159 170 172 196 
# xmin, xmax, ymin, ymax of the bounding box
0.0000000000000000 1.0000000000000000 0.0000000000000000 1.0000000000000000