# domain type
RectangularDomain
# nodal coordinates: number of nodes followed by the coordinates
202
0.0913528800000000 0.2573184000000000
0.0000000000000000 0.4725670000000000
0.4877668000000000 0.1459379000000000
0.5452720000000000 0.4054183000000000
0.0219247200000000 0.2168650000000000
0.0952443500000000 0.3720325000000000
0.0967242800000000 0.8952253000000000
0.8018991000000000 1.0000000000000000
0.2055336000000000 0.6411266000000000
0.6785225000000000 1.0000000000000000
0.2827512000000000 0.7631897000000000
0.3353624000000000 0.4324171000000000
0.4478750000000000 0.0754865100000000
0.6879382000000001 0.2164035000000000
0.1203283000000000 0.0581204800000000
0.1941908000000000 0.4581829000000000
0.5150539000000000 0.4101081000000000
0.0756265300000000 0.8650563000000000
0.4802360000000000 0.0000000000000000
0.2711603000000000 0.1510064000000000
0.1918873000000000 0.0978216100000000
1.0000000000000000 0.1692701000000000
0.6627102000000000 0.0000000000000000
0.1193504000000000 0.0000000000000000
0.4490868000000000 0.3437301000000000
0.2494529000000000 0.0947325900000000
0.0000000000000000 0.0838880000000000
0.3792252000000000 0.2407327000000000
0.2401383000000000 0.5054205000000001
0.5382785000000000 0.0000000000000000
0.2133782000000000 0.0000000000000000
0.2996554000000000 0.8824060000000000
0.0000000000000000 0.8560028000000000
0.0924591700000000 0.7225317000000000
0.1138947000000000 0.7354835000000000
0.0653590800000000 1.0000000000000000
0.4890259000000000 0.6410500000000000
0.3525140000000000 0.9214396000000000
0.4275532000000000 0.7698331000000000
0.5986654000000000 0.5753324000000000
0.5379614000000000 0.8030330000000000
0.6364839000000000 0.7627765000000000
0.9646296000000000 1.0000000000000000
0.7595790000000000 0.7462844000000000
1.0000000000000000 0.7948366000000000
0.8048388000000000 0.2365949000000000
0.7471525999999999 0.3335867000000000
0.7138312999999999 0.7245406000000000
0.7978888000000000 0.6339993000000000
0.6185648000000000 0.4354877000000000
1.0000000000000000 0.1326247000000000
0.7994191000000000 0.0000000000000000
0.0000000000000000 0.0000000000000000
0.3744233000000000 0.0000000000000000
0.2208057000000000 0.0855781500000000
0.3328499000000000 0.1937689000000000
0.2966864000000000 0.0000000000000000
0.2948203000000000 0.0652023700000000
0.3803310000000000 0.0721567500000000
0.3296021000000000 0.1713146000000000
0.1675108000000000 0.1649785000000000
0.0893148500000000 0.1401719000000000
0.1406216000000000 0.1719736000000000
0.2123437000000000 0.3797297000000000
0.2596718000000000 0.2638128000000000
0.2178203000000000 0.1996186000000000
0.3597679000000000 0.0939073900000000
0.3717938000000000 0.3271901000000000
0.4620740000000000 0.1682995000000000
0.3589852000000000 0.1350087000000000
0.4651618000000000 0.3873404000000000
0.3597661000000000 0.3043941000000000
0.4440500000000000 0.2230990000000000
0.4855037000000000 0.2845338000000000
0.1637241000000000 0.2799892000000000
0.1669722000000000 0.3490130000000000
0.2269395000000000 0.2457647000000000
0.2732172000000000 0.2904610000000000
0.3282367000000000 0.4113595000000000
0.2462707000000000 0.3675922000000000
0.0965610100000000 0.4591533000000000
0.0000000000000000 0.3498986000000000
0.1141819000000000 0.2519859000000000
0.0000000000000000 0.2174426000000000
0.0786164600000000 0.1055752000000000
0.0603142200000000 0.3461723000000000
0.0877363500000000 0.4682224000000000
0.2732628000000000 0.7561548000000000
0.4333961000000000 0.8835051000000000
0.4482852000000000 1.0000000000000000
0.3526777000000000 1.0000000000000000
0.5538976000000000 0.9598020000000000
0.2089238000000000 0.8807286000000000
0.2598125000000000 0.8989395999999999
0.2568894000000000 1.0000000000000000
0.0000000000000000 1.0000000000000000
0.1654901000000000 0.9121956000000000
0.1738646000000000 1.0000000000000000
0.2218924000000000 0.4989147000000000
0.0000000000000000 0.7307635000000000
0.0000000000000000 0.5927739000000000
0.1131285000000000 0.5822966000000001
0.2670471000000000 0.5943657000000000
0.1350219000000000 0.5835291000000000
0.3308020000000000 0.6584890000000000
0.1306337000000000 0.7836156000000000
0.0924625900000000 0.5966244000000001
0.2680857000000000 0.7310146000000000
0.2063233000000000 0.6776845000000000
0.1947163000000000 0.8105359000000000
0.3220214000000000 0.6095038000000000
0.4997161000000000 0.8846022000000000
0.3150892000000000 0.8295938000000000
0.4060388000000000 0.6983896000000001
0.3702215000000000 0.5663949000000000
0.4076310000000000 0.7385891000000000
0.4492133000000000 0.6485849000000000
0.6603918000000000 0.8272436000000000
0.4404379000000000 0.5168304000000000
0.3120838000000000 0.4767383000000000
0.3792138000000000 0.5659444000000000
0.5090708000000000 0.6498188000000000
0.4866357000000000 0.5232441000000000
0.4074161000000000 0.4452003000000000
0.4861609000000000 0.5234817000000000
0.5563551000000000 0.5291606000000000
0.5915203999999999 0.4360238000000000
0.5991759000000000 0.5712887000000000
0.4105437000000000 0.8198223000000000
0.5344061000000000 0.6911072000000000
0.5078300000000000 0.7667424000000000
0.6023152000000001 0.6971533000000000
0.6373467000000000 0.6475128999999999
0.6960059000000000 0.6507729000000000
0.7125638000000000 0.5690142000000000
0.8830460999999999 0.7034410000000000
0.8032228000000000 0.8053140000000000
0.8218854000000000 0.5969107000000000
0.6452270000000000 0.5439235000000000
0.9691680000000000 0.4701000000000000
0.7997946000000000 0.5256162000000000
0.7234402000000000 0.6216516000000000
0.7568742000000001 0.5171845000000000
0.9211741000000000 0.3525884000000000
0.9075010999999999 0.5268112000000000
0.8144786000000001 0.6813540000000000
0.8403404000000000 0.4933874000000000
0.8277878000000000 0.4167714000000000
1.0000000000000000 0.4698117000000000
0.9106909000000000 0.5903606000000000
1.0000000000000000 0.6268140000000000
0.9419570000000000 0.6230930000000000
0.7072260000000000 0.8412912000000000
0.7720571000000001 0.7877774000000000
0.8270044000000000 0.8920677000000000
0.9030688000000000 0.7643387000000000
0.8908649000000000 0.8922851000000001
0.9504628000000001 0.7965381000000000
1.0000000000000000 1.0000000000000000
0.5479979000000000 1.0000000000000000
0.6142682000000000 0.8798468000000000
0.7251433000000000 0.9013076000000000
0.7991159000000000 0.9216221000000000
0.4479418000000000 0.8921253000000000
0.5377548000000000 0.8398913000000000
0.6348818000000001 0.7684678000000000
0.6175510000000000 0.9095291000000000
0.6750152000000000 0.9490317000000000
0.9127467000000000 0.2098220000000000
1.0000000000000000 0.3210057000000000
0.8441190000000000 0.4292480000000000
1.0000000000000000 0.3081666000000000
0.8176345000000000 0.3272924000000000
0.7305079000000000 0.4688677000000000
0.8464992000000000 0.2782786000000000
0.9025360000000000 0.4127114000000000
0.5581139000000001 0.2795554000000000
0.6570333000000000 0.4794600000000000
0.6589570000000000 0.3836196000000000
0.7442054000000000 0.4247289000000000
0.7238232000000000 0.3902019000000000
0.5779933000000000 0.3043695000000000
0.7012537000000000 0.2670002000000000
0.6352192000000000 0.3160011000000000
0.7412331000000000 0.1361994000000000
0.5759546000000000 0.2098091000000000
0.8055574000000000 0.1643726000000000
0.7036450000000000 0.2564792000000000
0.8623867000000000 0.1347855000000000
0.8454843000000000 0.2954663000000000
0.9062459000000000 0.2352068000000000
0.9104287000000000 0.0953643600000000
0.7328713000000000 0.1133814000000000
0.6228797000000000 0.1067877000000000
0.8706577000000000 0.1141196000000000
1.0000000000000000 0.0000000000000000
0.5564964000000000 0.0828249200000000
0.4884422000000000 0.1458933000000000
0.6180182000000000 0.1866111000000000
0.6620442000000000 0.0800757800000000
0.9374293000000000 0.0000000000000000
0.7996685000000000 0.0200200100000000
# element connectivity: number of elements followed by the connectivity (each line: nodes_per_element(nel) node1 node 2 ... node_nel)
100
5 41 166 118 161 165 
5 54 59 67 58 57 
8 37 122 130 131 39 116 114 117 
5 14 185 187 46 188 
6 137 155 163 162 153 154 
5 68 79 80 78 72 
5 23 52 202 193 200 
6 3 69 70 67 59 13 
7 4 17 71 25 74 177 182 
6 15 21 61 63 62 85 
5 135 139 178 174 143 
5 29 120 115 111 103 
6 49 138 150 152 136 146 
5 28 72 78 65 56 
6 9 103 111 105 108 109 
4 13 59 54 19 
5 43 157 158 45 159 
5 9 104 99 29 103 
5 6 76 64 16 81 
5 42 132 133 134 48 
5 2 87 102 107 101 
6 50 178 139 128 126 127 
6 7 18 106 110 93 97 
5 90 164 112 92 160 
6 49 142 135 143 141 138 
6 105 111 115 121 117 114 
6 44 48 134 142 49 146 
5 26 55 31 57 58 
5 15 85 27 53 24 
6 35 109 108 88 110 106 
5 32 38 91 95 94 
7 9 109 35 34 107 102 104 
4 34 100 101 107 
7 40 128 139 135 142 134 133 
6 45 158 156 136 152 151 
6 20 26 58 67 70 60 
6 46 187 189 169 191 175 
5 1 86 82 84 5 
6 185 193 202 195 189 187 
5 137 156 158 157 155 
6 4 182 184 179 50 127 
7 42 48 44 154 153 118 166 
5 47 181 179 184 183 
7 11 113 32 94 93 110 88 
7 64 76 75 77 65 78 80 
6 12 79 68 25 71 124 
6 18 33 100 34 35 106 
7 141 143 174 180 148 171 147 
6 3 13 19 30 197 198 
4 7 97 98 36 
6 20 60 56 65 77 66 
5 10 160 92 167 168 
4 51 192 201 196 
6 118 153 162 168 167 161 
7 37 125 123 126 128 40 122 
7 46 175 190 173 47 183 188 
5 23 200 194 197 30 
5 7 36 96 33 18 
6 12 124 119 121 115 120 
7 3 198 186 177 74 73 69 
5 5 84 27 85 62 
6 17 123 125 119 124 71 
6 51 22 169 189 195 192 
5 15 24 31 55 21 
5 47 173 148 180 181 
5 4 127 126 123 17 
6 1 83 75 76 6 86 
6 50 179 181 180 174 178 
6 14 199 194 200 193 185 
6 20 66 61 21 55 26 
5 92 112 165 161 167 
4 22 172 191 169 
5 93 94 95 98 97 
5 10 168 162 163 8 
6 140 149 151 152 150 145 
6 2 82 86 6 81 87 
5 38 89 164 90 91 
6 44 146 136 156 137 154 
6 144 190 175 191 172 170 
6 61 66 77 75 83 63 
6 11 88 108 105 114 116 
5 186 198 197 194 199 
5 32 113 129 89 38 
6 144 176 171 148 173 190 
5 40 133 132 130 122 
5 140 176 144 170 149 
8 12 120 29 99 16 64 80 79 
5 138 141 147 145 150 
5 37 117 121 119 125 
6 28 56 60 70 69 73 
8 39 131 41 165 112 164 89 129 
6 25 68 72 28 73 74 
8 14 188 183 184 182 177 186 199 
5 11 116 39 129 113 
6 16 99 104 102 87 81 
5 52 201 192 195 202 
5 1 5 62 63 83 
5 8 163 155 157 43 
6 41 131 130 132 42 166 
5 140 145 147 171 176 
# indices of nodes located on the bottom boundary
19 23 24 30 31 52 53 54 57 196 201 
# indices of nodes located on the top boundary
8 10 36 43 90 91 95 96 98 159 160 
# indices of nodes located on the left boundary
2 27 33 53 82 84 96 100 101 
# indices of nodes located on the right boundary
22 45 51 149 151 159 170 172 196 
# xmin, xmax, ymin, ymax of the bounding box
0 1 0 1
